0.016 0.016 0.017 0.023 0.016 0.011 0.015 629.553
0.017 0.018 0.020 0.027 0.021 0.010 0.015 1304.113
0.018 0.020 0.023 0.028 0.022 0.009 0.016 1978.719
0.020 0.023 0.026 0.029 0.024 0.009 0.018 2653.397
0.023 0.026 0.030 0.029 0.026 0.010 0.021 3328.035
0.025 0.030 0.034 0.031 0.030 0.014 0.024 4002.677
0.032 0.036 0.039 0.033 0.035 0.017 0.029 4677.317
0.036 0.041 0.045 0.036 0.041 0.023 0.037 5351.774
0.046 0.051 0.054 0.040 0.050 0.029 0.043 6026.355
0.052 0.057 0.065 0.047 0.059 0.038 0.054 6700.862
0.061 0.066 0.075 0.055 0.072 0.045 0.063 7403.436
0.074 0.079 0.087 0.065 0.080 0.055 0.075 8107.456
0.093 0.106 0.102 0.083 0.097 0.073 0.092 8811.719
0.115 0.180 0.139 0.124 0.115 0.093 0.116 9515.063
0.128 0.146 0.143 0.137 0.145 0.110 0.142 10218.282
0.149 0.365 0.226 0.151 0.173 0.145 0.163 10923.397
0.162 0.204 0.259 0.169 0.172 0.142 0.174 11629.798
0.174 0.414 0.230 0.201 0.178 0.178 0.186 12335.066
0.155 0.222 0.202 0.193 0.190 0.163 0.199 13038.283
0.168 0.151 0.194 0.219 0.191 0.201 0.209 13741.514
0.164 0.231 0.189 0.201 0.204 0.167 0.222 14444.773
0.183 0.418 0.211 0.232 0.206 0.197 0.236 15148.802
0.180 0.405 0.179 0.229 0.210 0.180 0.249 15851.736
0.188 0.262 0.186 0.235 0.206 0.268 0.263 16555.819
0.186 0.441 0.184 0.300 0.215 0.364 0.274 17261.181
0.202 0.461 0.190 0.270 0.223 0.292 0.288 17966.480
0.199 0.304 0.190 0.290 0.221 0.230 0.298 18671.788
0.209 0.388 0.187 0.266 0.222 0.296 0.310 19375.719
0.203 0.240 0.176 0.310 0.220 0.315 0.324 20079.794
0.194 0.364 0.166 0.293 0.215 0.252 0.328 20783.866
0.201 0.246 0.150 0.280 0.212 0.308 0.341 21489.038
0.203 0.369 0.142 0.302 0.205 0.248 0.352 22191.978
0.205 0.212 0.137 0.291 0.197 0.216 0.360 22897.102
0.208 0.299 0.129 0.299 0.186 0.292 0.368 23599.925
0.205 0.179 0.120 0.282 0.185 0.246 0.371 24305.122
0.206 0.242 0.122 0.300 0.178 0.273 0.372 25008.012
0.206 0.145 0.118 0.295 0.177 0.249 0.374 25710.818
0.206 0.421 0.113 0.286 0.172 0.319 0.379 26414.363
0.207 0.282 0.104 0.299 0.168 0.268 0.379 27119.634
0.199 0.434 0.098 0.287 0.167 0.231 0.375 27824.897
0.191 0.263 0.087 0.292 0.184 0.333 0.374 28529.054
0.172 0.115 0.096 0.299 0.173 0.263 0.379 29234.323
0.157 0.120 0.092 0.288 0.186 0.318 0.376 29937.528
0.150 0.115 0.109 0.276 0.165 0.241 0.379 30642.771
0.137 0.111 0.086 0.288 0.191 0.220 0.376 31345.958
0.124 0.114 0.101 0.287 0.181 0.312 0.381 32050.750
0.127 0.153 0.086 0.286 0.164 0.247 0.386 32755.931
0.119 0.382 0.105 0.288 0.182 0.216 0.393 33459.220
0.126 0.179 0.103 0.279 0.182 0.280 0.392 34163.423
0.120 0.316 0.069 0.255 0.180 0.216 0.392 34867.434
0.117 0.180 0.108 0.267 0.187 0.191 0.394 35571.744
0.119 0.277 0.070 0.259 0.193 0.229 0.400 36275.876
0.117 0.163 0.109 0.265 0.199 0.192 0.404 36979.960
0.121 0.279 0.078 0.253 0.199 0.174 0.404 37686.411
0.119 0.261 0.122 0.245 0.194 0.226 0.408 38392.826
0.113 0.169 0.097 0.251 0.184 0.186 0.415 39098.411
0.116 0.224 0.052 0.228 0.183 0.172 0.422 39801.960
0.113 0.146 0.112 0.233 0.189 0.205 0.416 40508.089
0.111 0.331 0.124 0.231 0.181 0.177 0.416 41212.852
0.105 0.167 0.117 0.218 0.181 0.197 0.418 41916.965
0.105 0.344 0.060 0.218 0.179 0.170 0.417 42622.258
0.102 0.169 0.118 0.210 0.181 0.241 0.418 43326.379
0.096 0.347 0.095 0.207 0.175 0.172 0.424 44031.712
0.093 0.161 0.092 0.202 0.190 0.239 0.419 44736.487
0.094 0.313 0.083 0.194 0.180 0.189 0.432 45441.775
0.086 0.180 0.091 0.198 0.172 0.221 0.430 46147.060
0.094 0.312 0.061 0.194 0.186 0.231 0.425 46795.305
0.085 0.166 0.106 0.190 0.192 0.166 0.279 47680.308
0.082 0.247 0.116 0.187 0.185 0.218 0.199 48565.230
0.082 0.181 0.055 0.190 0.176 0.174 0.156 49385.111
0.079 0.131 0.103 0.187 0.162 0.117 0.148 50056.638
0.081 0.264 0.043 0.170 0.157 0.166 0.149 50704.152
0.074 0.129 0.124 0.171 0.154 0.143 0.136 51436.860
0.075 0.231 0.115 0.164 0.135 0.107 0.129 52118.198
0.070 0.120 0.070 0.156 0.138 0.087 0.127 52770.548
0.068 0.229 0.084 0.152 0.128 0.167 0.110 53518.868
0.066 0.167 0.059 0.151 0.123 0.166 0.100 54183.127
0.068 0.447 0.089 0.146 0.124 0.349 0.100 54831.418
0.055 0.168 0.049 0.142 0.112 0.085 0.093 55479.729
0.059 0.465 0.083 0.136 0.105 0.104 0.092 56126.849
0.057 0.161 0.095 0.139 0.104 0.078 0.091 56773.898
0.060 0.405 0.041 0.134 0.098 0.099 0.090 57421.649
0.055 0.266 0.094 0.137 0.098 0.069 0.093 58068.685
0.050 0.125 0.034 0.134 0.091 0.092 0.093 58716.429
0.049 0.435 0.110 0.149 0.087 0.068 0.097 59362.762
0.049 0.214 0.112 0.134 0.086 0.091 0.104 60010.580
0.048 0.449 0.148 0.122 0.086 0.070 0.109 60658.345
0.043 0.169 0.107 0.129 0.081 0.073 0.112 61317.991
0.054 0.267 0.139 0.126 0.082 0.052 0.113 61994.446
0.144 0.141 0.079 0.234 0.316 0.159 0.263 62676.306
0.039 0.054 0.024 0.121 0.078 0.046 0.088 63561.178
0.032 0.045 0.022 0.119 0.073 0.041 0.100 64210.199
0.031 0.044 0.020 0.116 0.072 0.041 0.106 64859.294
0.029 0.043 0.020 0.113 0.067 0.037 0.116 65508.516
0.029 0.040 0.020 0.111 0.066 0.037 0.113 66204.459
0.027 0.042 0.020 0.114 0.062 0.036 0.113 66886.708
0.028 0.038 0.018 0.115 0.061 0.035 0.114 67566.590
0.026 0.039 0.017 0.113 0.058 0.032 0.113 68253.741
0.025 0.038 0.017 0.127 0.057 0.032 0.114 68935.373
0.022 0.036 0.017 0.126 0.055 0.033 0.115 69621.402
0.023 0.037 0.017 0.088 0.055 0.031 0.114 70311.567
0.023 0.037 0.016 0.077 0.052 0.028 0.112 70998.048
0.023 0.034 0.016 0.072 0.052 0.029 0.114 71671.212
0.022 0.032 0.016 0.092 0.048 0.025 0.114 72355.724
0.023 0.031 0.017 0.137 0.048 0.026 0.113 73042.846
0.023 0.029 0.018 0.145 0.046 0.023 0.113 73720.735
0.024 0.030 0.017 0.137 0.044 0.024 0.124 74368.788
0.023 0.029 0.018 0.140 0.044 0.022 0.133 75016.843
0.023 0.029 0.019 0.140 0.043 0.022 0.129 75687.777
0.023 0.029 0.018 0.145 0.040 0.022 0.131 76340.768
0.022 0.028 0.018 0.137 0.039 0.022 0.136 77000.544
0.024 0.029 0.021 0.141 0.038 0.022 0.133 77683.083
0.025 0.029 0.020 0.136 0.038 0.022 0.131 78351.957
0.022 0.029 0.021 0.139 0.037 0.022 0.135 79012.033
0.023 0.029 0.022 0.147 0.038 0.023 0.131 79689.492
0.025 0.029 0.022 0.144 0.037 0.023 0.134 80351.225
0.025 0.029 0.022 0.143 0.039 0.024 0.132 81026.644
0.025 0.029 0.019 0.148 0.038 0.023 0.135 81691.276
0.023 0.028 0.020 0.146 0.038 0.023 0.131 82369.679
0.023 0.028 0.019 0.143 0.035 0.022 0.134 83032.810
0.024 0.029 0.018 0.134 0.036 0.023 0.132 83705.134
0.027 0.029 0.019 0.149 0.036 0.022 0.130 84370.952
0.026 0.029 0.016 0.154 0.037 0.023 0.136 85029.448
0.031 0.028 0.018 0.138 0.036 0.022 0.128 85709.959
0.034 0.029 0.019 0.134 0.036 0.022 0.135 86359.091
0.041 0.029 0.020 0.133 0.036 0.024 0.130 87036.431
0.051 0.030 0.020 0.135 0.035 0.022 0.133 87695.889
0.056 0.031 0.019 0.134 0.035 0.022 0.132 88366.354
0.065 0.030 0.017 0.137 0.036 0.023 0.132 89031.463
0.075 0.029 0.017 0.137 0.037 0.024 0.135 89696.801
0.083 0.032 0.018 0.140 0.036 0.022 0.132 90372.802
0.092 0.031 0.019 0.141 0.037 0.021 0.133 91036.837
0.103 0.033 0.020 0.126 0.038 0.023 0.133 91705.732
0.105 0.034 0.018 0.136 0.037 0.024 0.130 92373.620
0.111 0.035 0.018 0.139 0.037 0.023 0.132 93033.147
0.114 0.037 0.017 0.142 0.039 0.023 0.132 93698.242
0.115 0.040 0.019 0.134 0.039 0.023 0.132 94365.229
0.116 0.042 0.019 0.129 0.040 0.023 0.130 95032.383
0.122 0.046 0.017 0.139 0.042 0.022 0.134 95691.705
0.126 0.051 0.017 0.138 0.045 0.023 0.133 96364.970
0.128 0.055 0.019 0.135 0.045 0.025 0.132 97032.773
0.131 0.061 0.018 0.136 0.048 0.023 0.130 97697.545
0.135 0.069 0.019 0.142 0.049 0.023 0.132 98357.069
0.134 0.076 0.018 0.149 0.050 0.023 0.130 99023.678
0.138 0.081 0.018 0.138 0.051 0.024 0.135 99682.523
0.143 0.090 0.018 0.136 0.055 0.024 0.129 100360.358
0.140 0.096 0.019 0.140 0.052 0.024 0.134 101012.483
0.140 0.100 0.020 0.131 0.054 0.025 0.129 101687.566
0.149 0.110 0.020 0.135 0.049 0.024 0.130 102342.973
0.148 0.114 0.020 0.136 0.051 0.025 0.131 103001.494
0.149 0.118 0.019 0.131 0.048 0.026 0.130 103662.995
0.156 0.125 0.019 0.132 0.047 0.027 0.133 104321.539
0.159 0.129 0.020 0.132 0.044 0.027 0.133 104991.710
0.163 0.137 0.020 0.128 0.044 0.029 0.131 105659.794
0.160 0.140 0.021 0.125 0.042 0.031 0.133 106321.268
0.170 0.144 0.020 0.122 0.045 0.034 0.132 106992.520
0.158 0.152 0.019 0.122 0.039 0.037 0.130 107659.025
0.166 0.154 0.020 0.125 0.041 0.042 0.132 108317.734
0.167 0.152 0.020 0.112 0.041 0.048 0.130 108983.353
0.163 0.155 0.020 0.112 0.039 0.053 0.130 109642.098
0.163 0.158 0.020 0.115 0.040 0.057 0.134 110300.517
0.159 0.164 0.020 0.113 0.038 0.059 0.132 110976.249
0.169 0.166 0.021 0.118 0.041 0.058 0.132 111643.724
0.166 0.164 0.020 0.117 0.043 0.059 0.131 112309.241
0.160 0.165 0.019 0.111 0.040 0.057 0.134 112969.584
0.166 0.167 0.020 0.111 0.042 0.052 0.132 113641.465
0.163 0.173 0.020 0.113 0.041 0.046 0.130 114308.757
0.165 0.172 0.020 0.113 0.040 0.043 0.135 114965.868
0.163 0.177 0.020 0.108 0.041 0.038 0.131 115642.461
0.163 0.178 0.021 0.111 0.039 0.037 0.130 116303.589
0.154 0.172 0.020 0.113 0.040 0.033 0.134 116961.451
0.162 0.172 0.020 0.111 0.041 0.032 0.134 117634.785
0.161 0.179 0.019 0.108 0.039 0.029 0.131 118309.440
0.158 0.177 0.020 0.112 0.041 0.028 0.131 118970.966
0.159 0.175 0.020 0.108 0.040 0.024 0.135 119631.393
0.162 0.176 0.020 0.111 0.039 0.024 0.130 120308.399
0.159 0.178 0.021 0.108 0.040 0.025 0.133 120964.357
0.164 0.177 0.021 0.109 0.041 0.025 0.132 121632.676
0.165 0.179 0.019 0.106 0.038 0.025 0.135 122297.960
0.160 0.178 0.019 0.112 0.041 0.025 0.130 122977.173
0.157 0.179 0.021 0.112 0.041 0.024 0.132 123636.505
0.160 0.179 0.021 0.106 0.042 0.024 0.129 124302.318
0.163 0.178 0.021 0.106 0.045 0.024 0.137 124956.732
0.154 0.173 0.020 0.106 0.045 0.023 0.131 125641.631
0.157 0.173 0.021 0.104 0.048 0.024 0.133 126303.477
0.157 0.174 0.020 0.106 0.050 0.024 0.131 126974.309
0.162 0.171 0.021 0.106 0.050 0.024 0.130 127634.471
0.156 0.170 0.021 0.108 0.047 0.024 0.135 128290.307
0.149 0.166 0.021 0.104 0.049 0.024 0.131 128968.441
0.157 0.168 0.021 0.105 0.049 0.023 0.132 129628.401
0.148 0.170 0.021 0.102 0.048 0.024 0.129 130293.887
0.150 0.168 0.021 0.103 0.047 0.023 0.135 130948.007
0.152 0.168 0.021 0.104 0.047 0.024 0.133 131626.158
0.147 0.166 0.020 0.107 0.045 0.024 0.132 132294.869
0.148 0.161 0.020 0.105 0.048 0.024 0.131 132959.148
0.150 0.161 0.021 0.108 0.049 0.025 0.133 133621.381
0.143 0.159 0.021 0.103 0.046 0.025 0.131 134293.113
0.143 0.159 0.021 0.102 0.049 0.025 0.133 134953.075
0.143 0.154 0.021 0.100 0.050 0.026 0.130 135622.477
0.141 0.151 0.021 0.103 0.051 0.026 0.133 136281.824
0.145 0.151 0.021 0.102 0.051 0.028 0.132 136951.498
0.146 0.149 0.021 0.104 0.050 0.030 0.132 137618.105
0.146 0.149 0.021 0.099 0.051 0.034 0.135 138282.280
0.138 0.140 0.019 0.087 0.050 0.039 0.131 138959.247
0.144 0.141 0.019 0.093 0.050 0.046 0.130 139621.951
0.130 0.133 0.018 0.084 0.045 0.054 0.129 140280.321
0.133 0.139 0.019 0.084 0.049 0.063 0.133 140934.402
0.128 0.135 0.018 0.077 0.050 0.072 0.130 141605.767
0.121 0.138 0.019 0.072 0.064 0.080 0.134 142264.630
0.120 0.140 0.019 0.066 0.076 0.087 0.131 142937.497
0.112 0.138 0.020 0.061 0.074 0.094 0.130 143600.018
0.105 0.139 0.020 0.056 0.073 0.100 0.134 144257.908
0.097 0.141 0.020 0.052 0.070 0.104 0.132 144932.194
0.094 0.139 0.021 0.050 0.065 0.109 0.132 145597.424
0.086 0.142 0.019 0.045 0.059 0.113 0.134 146261.668
0.080 0.144 0.019 0.045 0.059 0.115 0.131 146934.513
0.077 0.142 0.019 0.041 0.051 0.122 0.132 147596.353
0.072 0.142 0.020 0.040 0.052 0.121 0.131 148260.594
0.068 0.145 0.020 0.039 0.049 0.127 0.130 148920.907
0.067 0.143 0.019 0.039 0.051 0.123 0.129 149579.626
0.063 0.142 0.019 0.042 0.041 0.124 0.130 150233.673
0.061 0.142 0.020 0.045 0.044 0.123 0.125 150892.656
0.057 0.144 0.020 0.045 0.041 0.127 0.124 151540.874
0.009 0.012 0.011 0.021 0.009 0.000 0.012 154742.055
0.007 0.016 0.012 0.021 0.014 0.000 0.009 155359.504
0.010 0.034 0.012 0.021 0.013 0.000 0.009 155977.006
0.009 0.035 0.013 0.022 0.013 0.000 0.009 156594.523
0.012 0.036 0.013 0.021 0.014 0.000 0.010 157212.181
0.010 0.037 0.013 0.022 0.014 0.001 0.009 157829.657
0.010 0.041 0.011 0.021 0.012 0.001 0.008 158447.174
0.008 0.044 0.010 0.020 0.013 0.003 0.009 159092.381
0.008 0.034 0.011 0.022 0.014 0.006 0.010 159739.452
0.008 0.038 0.011 0.016 0.013 0.011 0.010 160656.294
0.010 0.047 0.012 0.017 0.013 0.016 0.010 161273.835
0.010 0.057 0.011 0.018 0.013 0.027 0.012 161891.387
0.010 0.068 0.012 0.020 0.013 0.036 0.013 162508.937
0.010 0.082 0.012 0.021 0.014 0.051 0.016 163156.005
0.011 0.094 0.012 0.024 0.014 0.066 0.019 163871.186
0.011 0.107 0.013 0.028 0.015 0.078 0.023 164517.685
0.009 0.115 0.012 0.036 0.015 0.086 0.029 165163.633
0.011 0.116 0.013 0.045 0.016 0.092 0.035 165811.963
0.011 0.122 0.013 0.055 0.017 0.095 0.040 166460.211
0.012 0.128 0.013 0.064 0.018 0.101 0.047 167108.470
0.011 0.129 0.013 0.083 0.021 0.101 0.055 167756.748
0.010 0.131 0.014 0.104 0.024 0.108 0.065 168405.076
0.013 0.140 0.015 0.110 0.026 0.107 0.075 169053.355
0.012 0.158 0.016 0.126 0.032 0.112 0.088 169700.511
0.013 0.158 0.016 0.127 0.040 0.115 0.098 170347.281
0.015 0.154 0.017 0.136 0.049 0.118 0.107 170994.380
0.018 0.167 0.018 0.141 0.064 0.118 0.118 171641.215
0.021 0.168 0.019 0.147 0.079 0.121 0.127 172287.978
0.022 0.183 0.021 0.145 0.113 0.120 0.139 172935.910
0.030 0.186 0.024 0.146 0.134 0.121 0.134 173628.835
0.039 0.191 0.028 0.151 0.141 0.125 0.131 174301.931
0.047 0.198 0.033 0.155 0.154 0.127 0.131 174965.246
0.066 0.199 0.041 0.166 0.160 0.128 0.129 175627.931
0.079 0.202 0.051 0.158 0.163 0.123 0.131 176280.772
0.093 0.193 0.066 0.155 0.171 0.123 0.128 176942.537
0.108 0.196 0.079 0.152 0.169 0.122 0.130 177593.922
0.116 0.186 0.103 0.150 0.170 0.119 0.130 178251.684
0.120 0.196 0.115 0.150 0.172 0.119 0.129 178908.636
0.134 0.201 0.129 0.149 0.169 0.116 0.132 179562.233
0.136 0.197 0.140 0.151 0.178 0.118 0.131 180229.707
0.141 0.186 0.140 0.151 0.172 0.116 0.130 180890.978
0.143 0.199 0.146 0.142 0.173 0.115 0.132 181548.047
0.149 0.182 0.153 0.143 0.180 0.116 0.129 182212.316
0.149 0.187 0.152 0.137 0.182 0.115 0.131 182867.923
0.154 0.184 0.155 0.141 0.173 0.112 0.133 183528.878
0.150 0.180 0.154 0.133 0.175 0.112 0.129 184200.523
0.154 0.172 0.154 0.130 0.179 0.112 0.132 184854.232
0.155 0.172 0.157 0.133 0.173 0.114 0.131 185521.382
0.154 0.177 0.155 0.130 0.174 0.109 0.132 186181.516
0.150 0.171 0.151 0.130 0.172 0.114 0.132 186846.278
0.151 0.166 0.153 0.129 0.169 0.111 0.135 187511.991
0.153 0.170 0.154 0.126 0.174 0.107 0.137 188189.703
0.156 0.165 0.150 0.124 0.170 0.111 0.136 188874.565
0.152 0.162 0.149 0.124 0.167 0.110 0.138 189558.225
0.146 0.168 0.145 0.120 0.167 0.112 0.135 190246.373
0.144 0.157 0.142 0.121 0.166 0.111 0.136 190926.130
0.139 0.166 0.147 0.112 0.164 0.108 0.143 191606.244
0.130 0.161 0.144 0.117 0.158 0.113 0.137 192314.657
0.134 0.156 0.146 0.115 0.162 0.114 0.134 193001.510
0.133 0.151 0.148 0.122 0.162 0.114 0.138 193677.129
0.126 0.148 0.150 0.110 0.159 0.110 0.137 194368.271
0.124 0.145 0.153 0.114 0.158 0.113 0.135 195053.592
0.117 0.139 0.145 0.115 0.155 0.115 0.137 195729.851
0.109 0.131 0.149 0.116 0.159 0.117 0.134 196415.276
0.106 0.116 0.155 0.111 0.157 0.112 0.137 197090.463
0.104 0.110 0.152 0.112 0.158 0.113 0.136 197775.779
0.100 0.100 0.156 0.112 0.159 0.112 0.135 198455.788
0.098 0.096 0.149 0.109 0.159 0.115 0.134 199135.196
0.097 0.084 0.157 0.108 0.156 0.118 0.135 199811.052
0.097 0.084 0.152 0.115 0.160 0.115 0.136 200487.811
0.093 0.073 0.153 0.111 0.154 0.117 0.131 201168.593
0.091 0.073 0.153 0.117 0.157 0.114 0.133 201832.331
0.092 0.066 0.152 0.112 0.162 0.117 0.134 202502.373
0.087 0.069 0.155 0.116 0.158 0.115 0.136 203175.598
0.088 0.060 0.153 0.110 0.156 0.113 0.133 203856.829
0.088 0.062 0.145 0.113 0.150 0.119 0.133 204527.804
0.089 0.056 0.141 0.107 0.157 0.118 0.135 205196.838
0.089 0.057 0.135 0.112 0.158 0.109 0.133 205873.598
0.091 0.057 0.128 0.107 0.159 0.118 0.131 206543.364
0.093 0.060 0.119 0.114 0.156 0.117 0.132 207206.667
0.095 0.063 0.116 0.109 0.158 0.110 0.132 207874.487
0.095 0.066 0.107 0.102 0.160 0.113 0.133 208541.364
0.099 0.062 0.107 0.100 0.155 0.111 0.133 209210.484
0.100 0.077 0.100 0.093 0.155 0.110 0.134 209880.724
0.108 0.067 0.091 0.088 0.157 0.110 0.133 210555.110
0.115 0.060 0.094 0.085 0.153 0.107 0.133 211226.645
0.116 0.058 0.089 0.078 0.152 0.113 0.133 211896.076
0.121 0.055 0.085 0.073 0.152 0.108 0.132 212566.512
0.125 0.054 0.081 0.071 0.151 0.105 0.138 213231.832
0.130 0.055 0.078 0.071 0.155 0.113 0.136 213920.807
0.130 0.055 0.072 0.068 0.151 0.113 0.134 214602.804
0.139 0.057 0.068 0.065 0.154 0.102 0.132 215275.532
0.137 0.059 0.065 0.065 0.151 0.099 0.131 215940.609
0.144 0.059 0.066 0.066 0.151 0.092 0.134 216602.005
0.145 0.057 0.066 0.063 0.153 0.088 0.132 217275.497
0.145 0.056 0.061 0.062 0.153 0.085 0.131 217940.428
0.150 0.054 0.060 0.056 0.157 0.073 0.131 218602.673
0.148 0.052 0.061 0.057 0.156 0.077 0.136 219264.003
0.152 0.051 0.061 0.057 0.152 0.065 0.131 219945.848
0.158 0.051 0.061 0.057 0.154 0.066 0.129 220606.269
0.155 0.049 0.058 0.057 0.149 0.056 0.131 221260.302
0.152 0.048 0.056 0.056 0.150 0.055 0.134 221923.384
0.157 0.049 0.054 0.059 0.146 0.052 0.134 222597.225
0.163 0.049 0.058 0.057 0.149 0.051 0.130 223272.800
0.160 0.049 0.057 0.056 0.148 0.051 0.132 223930.148
0.160 0.047 0.058 0.053 0.148 0.051 0.131 224596.423
0.160 0.047 0.057 0.055 0.150 0.050 0.133 225257.740
0.155 0.047 0.059 0.053 0.150 0.048 0.129 225929.150
0.163 0.046 0.059 0.051 0.145 0.048 0.130 226584.080
0.159 0.047 0.058 0.053 0.148 0.046 0.131 227241.327
0.162 0.046 0.057 0.050 0.144 0.045 0.133 227902.246
0.160 0.047 0.056 0.050 0.144 0.044 0.128 228572.316
0.156 0.045 0.052 0.051 0.144 0.043 0.133 229221.316
0.158 0.047 0.054 0.051 0.144 0.040 0.128 229889.745
0.161 0.047 0.053 0.051 0.144 0.039 0.132 230540.694
0.162 0.046 0.053 0.049 0.144 0.039 0.129 231206.040
0.161 0.047 0.051 0.048 0.146 0.038 0.133 231858.566
0.169 0.047 0.049 0.049 0.152 0.037 0.121 232527.385
0.162 0.047 0.048 0.049 0.148 0.036 0.134 233175.836
0.152 0.127 0.101 0.074 0.149 0.035 0.132 233848.759
0.160 0.066 0.082 0.064 0.147 0.035 0.139 234514.159
0.155 0.064 0.058 0.057 0.144 0.034 0.147 235209.564
0.154 0.070 0.061 0.054 0.143 0.033 0.157 235935.657
0.153 0.067 0.059 0.055 0.145 0.033 0.130 236702.647
0.153 0.065 0.061 0.055 0.141 0.034 0.131 237361.856
0.159 0.066 0.060 0.056 0.152 0.034 0.144 239522.156
0.163 0.062 0.058 0.056 0.155 0.033 0.129 240235.545
0.160 0.063 0.056 0.056 0.158 0.033 0.130 240890.337
0.164 0.063 0.060 0.055 0.157 0.033 0.127 241548.643
0.160 0.056 0.055 0.055 0.165 0.034 0.129 242197.681
0.157 0.051 0.051 0.054 0.159 0.034 0.129 242853.035
0.160 0.049 0.051 0.056 0.164 0.034 0.129 243505.893
0.151 0.046 0.052 0.056 0.161 0.034 0.128 244159.011
0.159 0.042 0.051 0.056 0.171 0.034 0.128 244808.944
0.159 0.036 0.051 0.056 0.162 0.035 0.129 245458.101
0.155 0.036 0.052 0.056 0.161 0.034 0.128 246113.426
0.152 0.033 0.051 0.057 0.163 0.035 0.129 246762.430
0.149 0.032 0.052 0.057 0.162 0.035 0.128 247417.243
0.155 0.033 0.053 0.059 0.162 0.035 0.130 248068.345
0.152 0.033 0.054 0.060 0.166 0.035 0.130 248725.364
0.151 0.032 0.055 0.066 0.164 0.036 0.127 249382.310
0.152 0.032 0.057 0.068 0.165 0.036 0.128 250030.303
0.148 0.034 0.060 0.071 0.166 0.036 0.131 250680.899
0.150 0.033 0.063 0.066 0.165 0.036 0.126 251343.936
0.147 0.033 0.065 0.070 0.169 0.037 0.128 251990.258
0.151 0.034 0.073 0.071 0.167 0.036 0.130 252640.222
0.144 0.034 0.074 0.072 0.169 0.037 0.131 253299.181
0.153 0.035 0.083 0.075 0.167 0.036 0.128 253962.108
0.153 0.037 0.087 0.081 0.172 0.037 0.129 254613.172
0.147 0.036 0.083 0.084 0.171 0.038 0.128 255266.732
0.144 0.035 0.089 0.088 0.182 0.038 0.130 255916.210
0.149 0.035 0.092 0.092 0.184 0.038 0.129 256572.575
0.144 0.036 0.105 0.097 0.187 0.038 0.128 257227.579
0.147 0.037 0.105 0.101 0.187 0.038 0.129 257877.702
0.148 0.038 0.109 0.103 0.188 0.038 0.128 258531.242
0.148 0.039 0.114 0.106 0.186 0.040 0.129 259182.445
0.148 0.038 0.121 0.108 0.183 0.039 0.129 259836.039
0.147 0.041 0.128 0.108 0.179 0.040 0.133 260488.026
0.147 0.041 0.134 0.107 0.178 0.040 0.127 261158.025
0.147 0.043 0.136 0.113 0.172 0.042 0.127 261806.071
0.142 0.044 0.135 0.109 0.173 0.042 0.129 262453.420
0.141 0.046 0.143 0.111 0.169 0.044 0.131 263105.379
0.140 0.048 0.138 0.109 0.170 0.045 0.128 263768.323
0.140 0.050 0.136 0.111 0.167 0.046 0.131 264419.689
0.144 0.054 0.142 0.115 0.160 0.048 0.127 265083.369
0.139 0.056 0.147 0.113 0.161 0.050 0.131 265730.822
0.142 0.058 0.146 0.113 0.158 0.052 0.127 266391.987
0.141 0.061 0.148 0.118 0.155 0.053 0.133 267039.641
0.141 0.064 0.146 0.114 0.150 0.056 0.128 267708.235
0.141 0.071 0.149 0.118 0.151 0.060 0.127 268359.970
0.139 0.067 0.151 0.117 0.149 0.063 0.131 269007.723
0.140 0.071 0.162 0.121 0.143 0.066 0.131 269668.790
0.139 0.070 0.147 0.115 0.146 0.076 0.130 270332.529
0.135 0.074 0.163 0.127 0.144 0.079 0.125 270989.142
0.138 0.069 0.156 0.113 0.142 0.083 0.135 271635.505
0.137 0.073 0.156 0.122 0.138 0.091 0.125 272313.759
0.137 0.073 0.163 0.120 0.139 0.093 0.131 272959.796
0.138 0.074 0.171 0.129 0.138 0.103 0.130 273621.423
0.137 0.073 0.164 0.125 0.139 0.104 0.131 274278.789
0.138 0.074 0.155 0.132 0.137 0.107 0.131 274939.281
0.137 0.075 0.170 0.121 0.129 0.114 0.131 275599.791
0.133 0.077 0.170 0.125 0.123 0.113 0.129 276260.866
0.133 0.077 0.155 0.123 0.114 0.119 0.132 276914.379
0.134 0.079 0.162 0.122 0.106 0.122 0.129 277582.187
0.132 0.078 0.162 0.129 0.098 0.123 0.129 278236.524
0.132 0.080 0.154 0.123 0.091 0.122 0.130 278891.534
0.131 0.078 0.161 0.122 0.084 0.123 0.131 279548.123
0.130 0.080 0.161 0.123 0.080 0.129 0.128 280209.828
0.130 0.079 0.151 0.126 0.075 0.121 0.131 280861.261
0.128 0.082 0.152 0.122 0.071 0.121 0.130 281523.700
0.129 0.077 0.145 0.123 0.067 0.117 0.132 282179.676
0.127 0.075 0.137 0.126 0.061 0.120 0.131 282846.396
0.129 0.081 0.125 0.123 0.059 0.117 0.129 283507.084
0.129 0.079 0.119 0.119 0.056 0.116 0.130 284159.163
0.129 0.081 0.107 0.125 0.054 0.116 0.135 284815.849
0.128 0.084 0.101 0.124 0.050 0.114 0.126 285492.068
0.129 0.084 0.091 0.118 0.050 0.114 0.128 286140.432
0.127 0.080 0.081 0.119 0.047 0.111 0.133 286789.489
0.129 0.082 0.078 0.122 0.047 0.111 0.130 287457.971
0.130 0.083 0.070 0.119 0.044 0.107 0.132 288115.618
0.128 0.085 0.068 0.120 0.044 0.111 0.131 288779.712
0.131 0.086 0.068 0.117 0.044 0.106 0.132 289440.993
0.129 0.090 0.064 0.118 0.043 0.108 0.125 290108.147
0.130 0.086 0.056 0.128 0.043 0.108 0.135 290754.782
0.131 0.091 0.050 0.115 0.043 0.108 0.127 291433.380
0.132 0.088 0.050 0.120 0.043 0.107 0.134 292082.517
0.131 0.093 0.045 0.115 0.043 0.110 0.131 292758.189
0.131 0.094 0.042 0.116 0.042 0.102 0.130 293418.374
0.133 0.099 0.040 0.116 0.042 0.106 0.131 294074.815
0.133 0.095 0.038 0.118 0.042 0.106 0.127 294735.955
0.134 0.105 0.037 0.115 0.041 0.106 0.135 295385.063
0.140 0.106 0.036 0.118 0.042 0.102 0.131 296064.075
0.141 0.110 0.038 0.126 0.042 0.105 0.128 296724.877
0.140 0.109 0.036 0.109 0.042 0.104 0.130 297373.745
0.143 0.116 0.036 0.125 0.041 0.103 0.129 298030.210
0.148 0.129 0.036 0.116 0.042 0.101 0.132 298682.677
0.145 0.115 0.037 0.116 0.042 0.103 0.133 299349.478
0.151 0.132 0.035 0.109 0.041 0.100 0.132 300017.914
0.148 0.126 0.039 0.110 0.041 0.104 0.132 300683.242
0.149 0.139 0.037 0.108 0.042 0.100 0.130 301349.225
0.151 0.133 0.043 0.110 0.041 0.101 0.131 302007.249
0.148 0.147 0.039 0.111 0.041 0.100 0.136 302669.132
0.152 0.139 0.037 0.106 0.041 0.100 0.128 303352.839
0.152 0.141 0.036 0.102 0.041 0.100 0.132 304004.374
0.157 0.131 0.035 0.089 0.041 0.100 0.129 304669.591
0.154 0.143 0.034 0.090 0.041 0.101 0.132 305323.934
0.159 0.133 0.034 0.080 0.041 0.102 0.133 305990.654
0.155 0.143 0.036 0.076 0.041 0.101 0.131 306659.693
0.160 0.141 0.034 0.069 0.041 0.100 0.132 307319.797
0.156 0.136 0.032 0.068 0.041 0.101 0.137 307986.492
0.154 0.147 0.033 0.062 0.041 0.101 0.132 308672.407
0.158 0.153 0.033 0.063 0.041 0.102 0.135 309337.232
0.156 0.135 0.032 0.059 0.040 0.100 0.137 310014.362
0.153 0.134 0.032 0.057 0.040 0.101 0.132 310700.930
0.150 0.137 0.033 0.049 0.040 0.100 0.132 311366.937
0.144 0.122 0.034 0.048 0.041 0.100 0.131 312033.803
0.134 0.144 0.032 0.046 0.040 0.098 0.129 312695.734
0.136 0.125 0.033 0.043 0.040 0.098 0.133 313350.601
0.127 0.141 0.034 0.041 0.040 0.098 0.135 314022.285
0.123 0.112 0.037 0.039 0.040 0.097 0.130 314701.959
0.117 0.134 0.032 0.038 0.041 0.097 0.135 315360.897
0.109 0.106 0.034 0.039 0.041 0.096 0.130 316037.280
0.106 0.136 0.037 0.039 0.040 0.095 0.137 316694.514
0.100 0.095 0.036 0.039 0.041 0.094 0.132 317381.594
0.098 0.126 0.033 0.040 0.042 0.096 0.134 318048.371
0.096 0.100 0.035 0.040 0.043 0.094 0.139 318720.536
0.090 0.111 0.037 0.040 0.043 0.095 0.131 319413.437
0.084 0.099 0.034 0.043 0.040 0.094 0.131 320074.817
0.081 0.093 0.030 0.040 0.040 0.094 0.133 320738.029
0.075 0.075 0.027 0.040 0.040 0.095 0.131 321407.101
0.072 0.079 0.027 0.041 0.039 0.097 0.150 322893.692
0.068 0.080 0.026 0.041 0.038 0.096 0.150 323633.636
0.067 0.069 0.025 0.042 0.036 0.097 0.133 324371.559
0.066 0.065 0.026 0.041 0.039 0.096 0.135 325043.152
0.066 0.063 0.025 0.041 0.035 0.096 0.133 325720.759
0.066 0.057 0.024 0.042 0.033 0.095 0.132 326391.407
0.064 0.056 0.023 0.043 0.033 0.095 0.137 327058.745
0.061 0.054 0.022 0.040 0.031 0.096 0.133 327742.715
0.059 0.054 0.022 0.042 0.032 0.096 0.134 328411.228
0.055 0.051 0.021 0.038 0.030 0.095 0.132 329083.575
0.054 0.049 0.020 0.038 0.030 0.096 0.131 329751.105
0.051 0.045 0.020 0.036 0.029 0.094 0.138 330413.850
0.049 0.043 0.020 0.038 0.028 0.094 0.132 331103.170
0.045 0.040 0.021 0.035 0.026 0.096 0.138 331767.427
0.043 0.039 0.020 0.034 0.026 0.094 0.133 332457.051
0.041 0.037 0.019 0.032 0.026 0.095 0.134 333124.809
0.040 0.035 0.020 0.032 0.027 0.094 0.138 333798.174
0.039 0.033 0.020 0.031 0.026 0.093 0.131 334488.195
0.036 0.031 0.019 0.030 0.027 0.093 0.136 335151.145
0.034 0.028 0.020 0.030 0.027 0.093 0.133 335834.410
0.034 0.027 0.019 0.029 0.026 0.092 0.136 336504.551
0.030 0.028 0.019 0.028 0.027 0.092 0.135 337186.492
0.029 0.026 0.020 0.028 0.027 0.091 0.135 337864.459
0.028 0.025 0.019 0.028 0.027 0.091 0.137 338542.704
0.027 0.025 0.019 0.029 0.028 0.092 0.134 339227.419
0.025 0.022 0.020 0.028 0.027 0.092 0.135 339901.218
0.023 0.021 0.020 0.028 0.027 0.090 0.138 340579.617
0.024 0.021 0.020 0.028 0.027 0.091 0.138 341267.841
0.022 0.021 0.020 0.028 0.027 0.090 0.134 341957.584
0.021 0.020 0.020 0.028 0.027 0.091 0.130 342632.827
0.020 0.020 0.020 0.028 0.026 0.091 0.136 343291.706
0.021 0.020 0.020 0.028 0.027 0.091 0.136 343975.219
0.020 0.021 0.020 0.028 0.028 0.091 0.132 344657.092
0.020 0.020 0.019 0.028 0.028 0.091 0.136 345322.923
0.021 0.020 0.020 0.028 0.028 0.090 0.137 346003.578
0.021 0.020 0.020 0.029 0.027 0.091 0.136 346690.102
0.019 0.019 0.019 0.028 0.027 0.091 0.138 347373.652
0.022 0.020 0.021 0.028 0.027 0.091 0.132 348064.368
0.020 0.020 0.020 0.029 0.027 0.089 0.136 348729.498
0.019 0.019 0.020 0.029 0.028 0.091 0.135 349411.674
0.020 0.020 0.019 0.029 0.028 0.092 0.139 350089.074
0.019 0.019 0.020 0.029 0.027 0.092 0.132 350784.743
0.021 0.020 0.020 0.029 0.027 0.090 0.136 351449.610
0.021 0.020 0.020 0.029 0.028 0.091 0.139 352129.733
0.019 0.019 0.020 0.029 0.028 0.090 0.137 352825.067
0.021 0.020 0.020 0.029 0.028 0.090 0.138 353512.424
0.021 0.020 0.020 0.029 0.028 0.089 0.135 354202.866
0.021 0.019 0.020 0.029 0.028 0.090 0.137 354882.274
0.020 0.020 0.019 0.029 0.028 0.090 0.134 355566.509
0.022 0.020 0.020 0.028 0.027 0.090 0.141 356239.096
0.019 0.019 0.019 0.029 0.028 0.090 0.137 356942.303
0.020 0.019 0.019 0.029 0.027 0.090 0.135 357627.001
0.020 0.019 0.019 0.029 0.028 0.091 0.139 358303.510
0.020 0.019 0.020 0.029 0.028 0.091 0.135 358996.085
0.021 0.019 0.019 0.029 0.027 0.093 0.138 359674.274
0.020 0.020 0.020 0.029 0.028 0.092 0.137 360364.362
0.020 0.019 0.019 0.029 0.028 0.092 0.135 361050.552
0.020 0.018 0.020 0.029 0.028 0.092 0.141 361728.967
0.021 0.019 0.020 0.029 0.027 0.094 0.135 362431.930
0.020 0.019 0.020 0.029 0.028 0.096 0.142 363108.142
0.021 0.018 0.020 0.029 0.027 0.095 0.136 363814.439
0.021 0.018 0.020 0.029 0.027 0.095 0.138 364494.405
0.020 0.019 0.020 0.028 0.027 0.093 0.136 365183.916
0.019 0.018 0.020 0.028 0.028 0.095 0.139 365866.794
0.020 0.020 0.020 0.029 0.028 0.094 0.137 366560.402
0.020 0.019 0.020 0.028 0.027 0.095 0.136 367246.717
0.020 0.018 0.019 0.028 0.027 0.095 0.139 367929.967
0.021 0.019 0.020 0.028 0.028 0.096 0.146 368624.825
0.022 0.020 0.019 0.028 0.028 0.096 0.140 369346.004
0.020 0.019 0.020 0.028 0.028 0.096 0.137 370044.207
0.021 0.019 0.019 0.029 0.028 0.098 0.139 370731.309
0.021 0.019 0.019 0.029 0.028 0.096 0.135 371426.428
0.020 0.018 0.020 0.029 0.028 0.097 0.139 372103.273
0.019 0.018 0.019 0.030 0.028 0.097 0.138 372795.656
0.020 0.018 0.020 0.030 0.028 0.098 0.140 373485.289
0.020 0.019 0.019 0.030 0.028 0.096 0.135 374182.644
0.021 0.018 0.020 0.029 0.028 0.097 0.134 374861.816
0.019 0.019 0.020 0.030 0.029 0.097 0.142 375535.679
0.020 0.019 0.020 0.030 0.028 0.095 0.136 376241.635
0.021 0.019 0.020 0.030 0.028 0.096 0.139 376925.160
0.020 0.019 0.019 0.029 0.028 0.096 0.140 377617.730
0.020 0.019 0.019 0.030 0.028 0.097 0.137 378317.017
0.020 0.018 0.020 0.030 0.028 0.096 0.134 379004.353
0.019 0.018 0.020 0.030 0.028 0.099 0.140 379679.683
0.021 0.019 0.021 0.030 0.028 0.097 0.138 380376.791
0.021 0.018 0.020 0.030 0.028 0.098 0.137 381066.532
0.021 0.018 0.020 0.030 0.028 0.098 0.141 381750.627
0.020 0.019 0.020 0.030 0.028 0.099 0.137 382454.167
0.022 0.019 0.021 0.030 0.028 0.099 0.140 383139.920
0.021 0.018 0.020 0.030 0.029 0.099 0.137 383837.595
0.019 0.018 0.020 0.030 0.029 0.097 0.136 384522.123
0.020 0.018 0.020 0.029 0.028 0.099 0.140 385205.453
0.020 0.019 0.019 0.030 0.028 0.097 0.137 385902.907
0.021 0.019 0.021 0.030 0.028 0.097 0.138 386588.581
0.022 0.019 0.020 0.029 0.028 0.098 0.138 387276.657
0.019 0.018 0.019 0.029 0.029 0.099 0.137 387967.704
0.020 0.018 0.019 0.029 0.029 0.100 0.139 388655.066
0.020 0.018 0.020 0.029 0.029 0.100 0.137 389350.022
0.021 0.018 0.020 0.029 0.029 0.098 0.138 390037.186
0.019 0.017 0.020 0.029 0.029 0.099 0.140 390727.711
0.019 0.018 0.020 0.030 0.029 0.100 0.137 391425.843
0.021 0.019 0.020 0.029 0.029 0.104 0.140 392111.337
0.021 0.019 0.020 0.029 0.028 0.102 0.138 392808.110
0.020 0.019 0.019 0.031 0.029 0.101 0.139 393496.769
0.020 0.019 0.019 0.030 0.028 0.103 0.136 394189.503
0.020 0.018 0.020 0.030 0.028 0.103 0.140 394873.246
0.020 0.018 0.020 0.030 0.028 0.104 0.142 395570.385
0.021 0.018 0.021 0.031 0.029 0.103 0.138 396274.191
0.021 0.018 0.020 0.031 0.029 0.106 0.138 396963.813
0.021 0.019 0.021 0.031 0.029 0.104 0.140 397654.519
0.022 0.019 0.021 0.031 0.029 0.105 0.136 398351.276
0.020 0.019 0.020 0.031 0.029 0.105 0.139 399033.724
0.021 0.018 0.020 0.031 0.029 0.108 0.138 399725.893
0.000 0.000 0.000 0.000 0.000 0.000 0.000 0.000
0.000 0.000 0.000 0.000 0.000 0.000 0.000 0.000
0.000 0.000 0.000 0.000 0.000 0.000 0.000 0.000
0.000 0.000 0.000 0.000 0.000 0.000 0.000 0.000
0.000 0.000 0.000 0.000 0.000 0.000 0.000 0.000
0.000 0.000 0.000 0.000 0.000 0.000 0.000 0.000
0.000 0.000 0.000 0.000 0.000 0.000 0.000 0.000
0.000 0.000 0.000 0.000 0.000 0.000 0.000 0.000
0.000 0.000 0.000 0.000 0.000 0.000 0.000 0.000
0.000 0.000 0.000 0.000 0.000 0.000 0.000 0.000
0.000 0.000 0.000 0.000 0.000 0.000 0.000 0.000
0.000 0.000 0.000 0.000 0.000 0.000 0.000 0.000
0.000 0.000 0.000 0.000 0.000 0.000 0.000 0.000
0.000 0.000 0.000 0.000 0.000 0.000 0.000 0.000
0.000 0.000 0.000 0.000 0.000 0.000 0.000 0.000
0.000 0.000 0.000 0.000 0.000 0.000 0.000 0.000
0.000 0.000 0.000 0.000 0.000 0.000 0.000 0.000
0.000 0.000 0.000 0.000 0.000 0.000 0.000 0.000
0.000 0.000 0.000 0.000 0.000 0.000 0.000 0.000
0.000 0.000 0.000 0.000 0.000 0.000 0.000 0.000
0.000 0.000 0.000 0.000 0.000 0.000 0.000 0.000
0.000 0.000 0.000 0.000 0.000 0.000 0.000 0.000
0.000 0.000 0.000 0.000 0.000 0.000 0.000 0.000
0.000 0.000 0.000 0.000 0.000 0.000 0.000 0.000
0.000 0.000 0.000 0.000 0.000 0.000 0.000 0.000
0.000 0.000 0.000 0.000 0.000 0.000 0.000 0.000
0.000 0.000 0.000 0.000 0.000 0.000 0.000 0.000
0.000 0.000 0.000 0.000 0.000 0.000 0.000 0.000
0.000 0.000 0.000 0.000 0.000 0.000 0.000 0.000
0.000 0.000 0.000 0.000 0.000 0.000 0.000 0.000
0.000 0.000 0.000 0.000 0.000 0.000 0.000 0.000
0.000 0.000 0.000 0.000 0.000 0.000 0.000 0.000
0.000 0.000 0.000 0.000 0.000 0.000 0.000 0.000
0.000 0.000 0.000 0.000 0.000 0.000 0.000 0.000
0.000 0.000 0.000 0.000 0.000 0.000 0.000 0.000
0.000 0.000 0.000 0.000 0.000 0.000 0.000 0.000
0.000 0.000 0.000 0.000 0.000 0.000 0.000 0.000
0.000 0.000 0.000 0.000 0.000 0.000 0.000 0.000
0.000 0.000 0.000 0.000 0.000 0.000 0.000 0.000
0.000 0.000 0.000 0.000 0.000 0.000 0.000 0.000
0.000 0.000 0.000 0.000 0.000 0.000 0.000 0.000
0.000 0.000 0.000 0.000 0.000 0.000 0.000 0.000
0.000 0.000 0.000 0.000 0.000 0.000 0.000 0.000
0.000 0.000 0.000 0.000 0.000 0.000 0.000 0.000
0.000 0.000 0.000 0.000 0.000 0.000 0.000 0.000
0.000 0.000 0.000 0.000 0.000 0.000 0.000 0.000
0.000 0.000 0.000 0.000 0.000 0.000 0.000 0.000
0.000 0.000 0.000 0.000 0.000 0.000 0.000 0.000
0.000 0.000 0.000 0.000 0.000 0.000 0.000 0.000
0.000 0.000 0.000 0.000 0.000 0.000 0.000 0.000
0.000 0.000 0.000 0.000 0.000 0.000 0.000 0.000
0.000 0.000 0.000 0.000 0.000 0.000 0.000 0.000
0.000 0.000 0.000 0.000 0.000 0.000 0.000 0.000
0.000 0.000 0.000 0.000 0.000 0.000 0.000 0.000
0.000 0.000 0.000 0.000 0.000 0.000 0.000 0.000
0.000 0.000 0.000 0.000 0.000 0.000 0.000 0.000
0.000 0.000 0.000 0.000 0.000 0.000 0.000 0.000
0.000 0.000 0.000 0.000 0.000 0.000 0.000 0.000
0.000 0.000 0.000 0.000 0.000 0.000 0.000 0.000
0.000 0.000 0.000 0.000 0.000 0.000 0.000 0.000
0.000 0.000 0.000 0.000 0.000 0.000 0.000 0.000
0.000 0.000 0.000 0.000 0.000 0.000 0.000 0.000
0.000 0.000 0.000 0.000 0.000 0.000 0.000 0.000
0.000 0.000 0.000 0.000 0.000 0.000 0.000 0.000
0.000 0.000 0.000 0.000 0.000 0.000 0.000 0.000
0.000 0.000 0.000 0.000 0.000 0.000 0.000 0.000
0.000 0.000 0.000 0.000 0.000 0.000 0.000 0.000
0.000 0.000 0.000 0.000 0.000 0.000 0.000 0.000
0.000 0.000 0.000 0.000 0.000 0.000 0.000 0.000
0.000 0.000 0.000 0.000 0.000 0.000 0.000 0.000
0.000 0.000 0.000 0.000 0.000 0.000 0.000 0.000
0.000 0.000 0.000 0.000 0.000 0.000 0.000 0.000
0.000 0.000 0.000 0.000 0.000 0.000 0.000 0.000
0.000 0.000 0.000 0.000 0.000 0.000 0.000 0.000
0.000 0.000 0.000 0.000 0.000 0.000 0.000 0.000
0.000 0.000 0.000 0.000 0.000 0.000 0.000 0.000
0.000 0.000 0.000 0.000 0.000 0.000 0.000 0.000
0.000 0.000 0.000 0.000 0.000 0.000 0.000 0.000
0.000 0.000 0.000 0.000 0.000 0.000 0.000 0.000
0.000 0.000 0.000 0.000 0.000 0.000 0.000 0.000
0.000 0.000 0.000 0.000 0.000 0.000 0.000 0.000
0.000 0.000 0.000 0.000 0.000 0.000 0.000 0.000
0.000 0.000 0.000 0.000 0.000 0.000 0.000 0.000
0.000 0.000 0.000 0.000 0.000 0.000 0.000 0.000
0.000 0.000 0.000 0.000 0.000 0.000 0.000 0.000
0.000 0.000 0.000 0.000 0.000 0.000 0.000 0.000
0.000 0.000 0.000 0.000 0.000 0.000 0.000 0.000
0.000 0.000 0.000 0.000 0.000 0.000 0.000 0.000
0.000 0.000 0.000 0.000 0.000 0.000 0.000 0.000
0.000 0.000 0.000 0.000 0.000 0.000 0.000 0.000
0.000 0.000 0.000 0.000 0.000 0.000 0.000 0.000
0.000 0.000 0.000 0.000 0.000 0.000 0.000 0.000
0.000 0.000 0.000 0.000 0.000 0.000 0.000 0.000
0.000 0.000 0.000 0.000 0.000 0.000 0.000 0.000
0.000 0.000 0.000 0.000 0.000 0.000 0.000 0.000
0.000 0.000 0.000 0.000 0.000 0.000 0.000 0.000
0.000 0.000 0.000 0.000 0.000 0.000 0.000 0.000
0.000 0.000 0.000 0.000 0.000 0.000 0.000 0.000
0.000 0.000 0.000 0.000 0.000 0.000 0.000 0.000
0.000 0.000 0.000 0.000 0.000 0.000 0.000 0.000
0.000 0.000 0.000 0.000 0.000 0.000 0.000 0.000
0.000 0.000 0.000 0.000 0.000 0.000 0.000 0.000
0.000 0.000 0.000 0.000 0.000 0.000 0.000 0.000
0.000 0.000 0.000 0.000 0.000 0.000 0.000 0.000
0.000 0.000 0.000 0.000 0.000 0.000 0.000 0.000
0.000 0.000 0.000 0.000 0.000 0.000 0.000 0.000
0.000 0.000 0.000 0.000 0.000 0.000 0.000 0.000
0.000 0.000 0.000 0.000 0.000 0.000 0.000 0.000
0.000 0.000 0.000 0.000 0.000 0.000 0.000 0.000
0.000 0.000 0.000 0.000 0.000 0.000 0.000 0.000
0.000 0.000 0.000 0.000 0.000 0.000 0.000 0.000
0.000 0.000 0.000 0.000 0.000 0.000 0.000 0.000
0.000 0.000 0.000 0.000 0.000 0.000 0.000 0.000
0.000 0.000 0.000 0.000 0.000 0.000 0.000 0.000
0.000 0.000 0.000 0.000 0.000 0.000 0.000 0.000
0.000 0.000 0.000 0.000 0.000 0.000 0.000 0.000
0.000 0.000 0.000 0.000 0.000 0.000 0.000 0.000
0.000 0.000 0.000 0.000 0.000 0.000 0.000 0.000
0.000 0.000 0.000 0.000 0.000 0.000 0.000 0.000
0.000 0.000 0.000 0.000 0.000 0.000 0.000 0.000
0.000 0.000 0.000 0.000 0.000 0.000 0.000 0.000
0.000 0.000 0.000 0.000 0.000 0.000 0.000 0.000
0.000 0.000 0.000 0.000 0.000 0.000 0.000 0.000
0.000 0.000 0.000 0.000 0.000 0.000 0.000 0.000
0.000 0.000 0.000 0.000 0.000 0.000 0.000 0.000
0.000 0.000 0.000 0.000 0.000 0.000 0.000 0.000
0.000 0.000 0.000 0.000 0.000 0.000 0.000 0.000
0.000 0.000 0.000 0.000 0.000 0.000 0.000 0.000
0.000 0.000 0.000 0.000 0.000 0.000 0.000 0.000
0.000 0.000 0.000 0.000 0.000 0.000 0.000 0.000
0.000 0.000 0.000 0.000 0.000 0.000 0.000 0.000
0.000 0.000 0.000 0.000 0.000 0.000 0.000 0.000
0.000 0.000 0.000 0.000 0.000 0.000 0.000 0.000
0.000 0.000 0.000 0.000 0.000 0.000 0.000 0.000
0.000 0.000 0.000 0.000 0.000 0.000 0.000 0.000
0.000 0.000 0.000 0.000 0.000 0.000 0.000 0.000
0.000 0.000 0.000 0.000 0.000 0.000 0.000 0.000
0.000 0.000 0.000 0.000 0.000 0.000 0.000 0.000
0.000 0.000 0.000 0.000 0.000 0.000 0.000 0.000
0.000 0.000 0.000 0.000 0.000 0.000 0.000 0.000
0.000 0.000 0.000 0.000 0.000 0.000 0.000 0.000
0.000 0.000 0.000 0.000 0.000 0.000 0.000 0.000
0.000 0.000 0.000 0.000 0.000 0.000 0.000 0.000
0.000 0.000 0.000 0.000 0.000 0.000 0.000 0.000
0.000 0.000 0.000 0.000 0.000 0.000 0.000 0.000
0.000 0.000 0.000 0.000 0.000 0.000 0.000 0.000
0.000 0.000 0.000 0.000 0.000 0.000 0.000 0.000
0.000 0.000 0.000 0.000 0.000 0.000 0.000 0.000
0.000 0.000 0.000 0.000 0.000 0.000 0.000 0.000
0.000 0.000 0.000 0.000 0.000 0.000 0.000 0.000
0.000 0.000 0.000 0.000 0.000 0.000 0.000 0.000
0.000 0.000 0.000 0.000 0.000 0.000 0.000 0.000
0.000 0.000 0.000 0.000 0.000 0.000 0.000 0.000
0.000 0.000 0.000 0.000 0.000 0.000 0.000 0.000
0.000 0.000 0.000 0.000 0.000 0.000 0.000 0.000
0.000 0.000 0.000 0.000 0.000 0.000 0.000 0.000
0.000 0.000 0.000 0.000 0.000 0.000 0.000 0.000
0.000 0.000 0.000 0.000 0.000 0.000 0.000 0.000
0.000 0.000 0.000 0.000 0.000 0.000 0.000 0.000
0.000 0.000 0.000 0.000 0.000 0.000 0.000 0.000
0.000 0.000 0.000 0.000 0.000 0.000 0.000 0.000
0.000 0.000 0.000 0.000 0.000 0.000 0.000 0.000
0.000 0.000 0.000 0.000 0.000 0.000 0.000 0.000
0.000 0.000 0.000 0.000 0.000 0.000 0.000 0.000
0.000 0.000 0.000 0.000 0.000 0.000 0.000 0.000
0.000 0.000 0.000 0.000 0.000 0.000 0.000 0.000
0.000 0.000 0.000 0.000 0.000 0.000 0.000 0.000
0.000 0.000 0.000 0.000 0.000 0.000 0.000 0.000
0.000 0.000 0.000 0.000 0.000 0.000 0.000 0.000
0.000 0.000 0.000 0.000 0.000 0.000 0.000 0.000
0.000 0.000 0.000 0.000 0.000 0.000 0.000 0.000
0.000 0.000 0.000 0.000 0.000 0.000 0.000 0.000
0.000 0.000 0.000 0.000 0.000 0.000 0.000 0.000
0.000 0.000 0.000 0.000 0.000 0.000 0.000 0.000
0.000 0.000 0.000 0.000 0.000 0.000 0.000 0.000
0.000 0.000 0.000 0.000 0.000 0.000 0.000 0.000
0.000 0.000 0.000 0.000 0.000 0.000 0.000 0.000
0.000 0.000 0.000 0.000 0.000 0.000 0.000 0.000
0.000 0.000 0.000 0.000 0.000 0.000 0.000 0.000
0.000 0.000 0.000 0.000 0.000 0.000 0.000 0.000
0.000 0.000 0.000 0.000 0.000 0.000 0.000 0.000
0.000 0.000 0.000 0.000 0.000 0.000 0.000 0.000
0.000 0.000 0.000 0.000 0.000 0.000 0.000 0.000
0.000 0.000 0.000 0.000 0.000 0.000 0.000 0.000
0.000 0.000 0.000 0.000 0.000 0.000 0.000 0.000
0.000 0.000 0.000 0.000 0.000 0.000 0.000 0.000
0.000 0.000 0.000 0.000 0.000 0.000 0.000 0.000
0.000 0.000 0.000 0.000 0.000 0.000 0.000 0.000
0.000 0.000 0.000 0.000 0.000 0.000 0.000 0.000
0.000 0.000 0.000 0.000 0.000 0.000 0.000 0.000
0.000 0.000 0.000 0.000 0.000 0.000 0.000 0.000
0.000 0.000 0.000 0.000 0.000 0.000 0.000 0.000
0.000 0.000 0.000 0.000 0.000 0.000 0.000 0.000
0.000 0.000 0.000 0.000 0.000 0.000 0.000 0.000
0.000 0.000 0.000 0.000 0.000 0.000 0.000 0.000
0.000 0.000 0.000 0.000 0.000 0.000 0.000 0.000
0.000 0.000 0.000 0.000 0.000 0.000 0.000 0.000
0.000 0.000 0.000 0.000 0.000 0.000 0.000 0.000
0.000 0.000 0.000 0.000 0.000 0.000 0.000 0.000
0.000 0.000 0.000 0.000 0.000 0.000 0.000 0.000
0.000 0.000 0.000 0.000 0.000 0.000 0.000 0.000
0.000 0.000 0.000 0.000 0.000 0.000 0.000 0.000
0.000 0.000 0.000 0.000 0.000 0.000 0.000 0.000
0.000 0.000 0.000 0.000 0.000 0.000 0.000 0.000
0.000 0.000 0.000 0.000 0.000 0.000 0.000 0.000
0.000 0.000 0.000 0.000 0.000 0.000 0.000 0.000
0.000 0.000 0.000 0.000 0.000 0.000 0.000 0.000
0.000 0.000 0.000 0.000 0.000 0.000 0.000 0.000
0.000 0.000 0.000 0.000 0.000 0.000 0.000 0.000
0.000 0.000 0.000 0.000 0.000 0.000 0.000 0.000
0.000 0.000 0.000 0.000 0.000 0.000 0.000 0.000
0.000 0.000 0.000 0.000 0.000 0.000 0.000 0.000
0.000 0.000 0.000 0.000 0.000 0.000 0.000 0.000
0.000 0.000 0.000 0.000 0.000 0.000 0.000 0.000
0.000 0.000 0.000 0.000 0.000 0.000 0.000 0.000
0.000 0.000 0.000 0.000 0.000 0.000 0.000 0.000
0.000 0.000 0.000 0.000 0.000 0.000 0.000 0.000
0.000 0.000 0.000 0.000 0.000 0.000 0.000 0.000
0.000 0.000 0.000 0.000 0.000 0.000 0.000 0.000
0.000 0.000 0.000 0.000 0.000 0.000 0.000 0.000
0.000 0.000 0.000 0.000 0.000 0.000 0.000 0.000
0.000 0.000 0.000 0.000 0.000 0.000 0.000 0.000
0.000 0.000 0.000 0.000 0.000 0.000 0.000 0.000
0.000 0.000 0.000 0.000 0.000 0.000 0.000 0.000
0.000 0.000 0.000 0.000 0.000 0.000 0.000 0.000
0.000 0.000 0.000 0.000 0.000 0.000 0.000 0.000
0.000 0.000 0.000 0.000 0.000 0.000 0.000 0.000
0.000 0.000 0.000 0.000 0.000 0.000 0.000 0.000
0.000 0.000 0.000 0.000 0.000 0.000 0.000 0.000
0.000 0.000 0.000 0.000 0.000 0.000 0.000 0.000
0.000 0.000 0.000 0.000 0.000 0.000 0.000 0.000
0.000 0.000 0.000 0.000 0.000 0.000 0.000 0.000
0.000 0.000 0.000 0.000 0.000 0.000 0.000 0.000
0.000 0.000 0.000 0.000 0.000 0.000 0.000 0.000
0.000 0.000 0.000 0.000 0.000 0.000 0.000 0.000
0.000 0.000 0.000 0.000 0.000 0.000 0.000 0.000
0.000 0.000 0.000 0.000 0.000 0.000 0.000 0.000
0.000 0.000 0.000 0.000 0.000 0.000 0.000 0.000
0.000 0.000 0.000 0.000 0.000 0.000 0.000 0.000
0.000 0.000 0.000 0.000 0.000 0.000 0.000 0.000
0.000 0.000 0.000 0.000 0.000 0.000 0.000 0.000
0.000 0.000 0.000 0.000 0.000 0.000 0.000 0.000
0.000 0.000 0.000 0.000 0.000 0.000 0.000 0.000
0.000 0.000 0.000 0.000 0.000 0.000 0.000 0.000
0.000 0.000 0.000 0.000 0.000 0.000 0.000 0.000
0.000 0.000 0.000 0.000 0.000 0.000 0.000 0.000
0.000 0.000 0.000 0.000 0.000 0.000 0.000 0.000
0.000 0.000 0.000 0.000 0.000 0.000 0.000 0.000
0.000 0.000 0.000 0.000 0.000 0.000 0.000 0.000
0.000 0.000 0.000 0.000 0.000 0.000 0.000 0.000
0.000 0.000 0.000 0.000 0.000 0.000 0.000 0.000
0.000 0.000 0.000 0.000 0.000 0.000 0.000 0.000
0.000 0.000 0.000 0.000 0.000 0.000 0.000 0.000
0.000 0.000 0.000 0.000 0.000 0.000 0.000 0.000
0.000 0.000 0.000 0.000 0.000 0.000 0.000 0.000
0.000 0.000 0.000 0.000 0.000 0.000 0.000 0.000
0.000 0.000 0.000 0.000 0.000 0.000 0.000 0.000
0.000 0.000 0.000 0.000 0.000 0.000 0.000 0.000
0.000 0.000 0.000 0.000 0.000 0.000 0.000 0.000
0.000 0.000 0.000 0.000 0.000 0.000 0.000 0.000
0.000 0.000 0.000 0.000 0.000 0.000 0.000 0.000
0.000 0.000 0.000 0.000 0.000 0.000 0.000 0.000
0.000 0.000 0.000 0.000 0.000 0.000 0.000 0.000
0.000 0.000 0.000 0.000 0.000 0.000 0.000 0.000
0.000 0.000 0.000 0.000 0.000 0.000 0.000 0.000
0.000 0.000 0.000 0.000 0.000 0.000 0.000 0.000
0.000 0.000 0.000 0.000 0.000 0.000 0.000 0.000
0.000 0.000 0.000 0.000 0.000 0.000 0.000 0.000
0.000 0.000 0.000 0.000 0.000 0.000 0.000 0.000
0.000 0.000 0.000 0.000 0.000 0.000 0.000 0.000
0.000 0.000 0.000 0.000 0.000 0.000 0.000 0.000
0.000 0.000 0.000 0.000 0.000 0.000 0.000 0.000
0.000 0.000 0.000 0.000 0.000 0.000 0.000 0.000
0.000 0.000 0.000 0.000 0.000 0.000 0.000 0.000
0.000 0.000 0.000 0.000 0.000 0.000 0.000 0.000
0.000 0.000 0.000 0.000 0.000 0.000 0.000 0.000
0.000 0.000 0.000 0.000 0.000 0.000 0.000 0.000
0.000 0.000 0.000 0.000 0.000 0.000 0.000 0.000
0.000 0.000 0.000 0.000 0.000 0.000 0.000 0.000
0.000 0.000 0.000 0.000 0.000 0.000 0.000 0.000
0.000 0.000 0.000 0.000 0.000 0.000 0.000 0.000
0.000 0.000 0.000 0.000 0.000 0.000 0.000 0.000
0.000 0.000 0.000 0.000 0.000 0.000 0.000 0.000
0.000 0.000 0.000 0.000 0.000 0.000 0.000 0.000
0.000 0.000 0.000 0.000 0.000 0.000 0.000 0.000
0.000 0.000 0.000 0.000 0.000 0.000 0.000 0.000
0.000 0.000 0.000 0.000 0.000 0.000 0.000 0.000
0.000 0.000 0.000 0.000 0.000 0.000 0.000 0.000
0.000 0.000 0.000 0.000 0.000 0.000 0.000 0.000
0.000 0.000 0.000 0.000 0.000 0.000 0.000 0.000
0.000 0.000 0.000 0.000 0.000 0.000 0.000 0.000
0.000 0.000 0.000 0.000 0.000 0.000 0.000 0.000
0.000 0.000 0.000 0.000 0.000 0.000 0.000 0.000
0.000 0.000 0.000 0.000 0.000 0.000 0.000 0.000
0.000 0.000 0.000 0.000 0.000 0.000 0.000 0.000
0.000 0.000 0.000 0.000 0.000 0.000 0.000 0.000
0.000 0.000 0.000 0.000 0.000 0.000 0.000 0.000
0.000 0.000 0.000 0.000 0.000 0.000 0.000 0.000
0.000 0.000 0.000 0.000 0.000 0.000 0.000 0.000
0.000 0.000 0.000 0.000 0.000 0.000 0.000 0.000
0.000 0.000 0.000 0.000 0.000 0.000 0.000 0.000
0.000 0.000 0.000 0.000 0.000 0.000 0.000 0.000
0.000 0.000 0.000 0.000 0.000 0.000 0.000 0.000
0.000 0.000 0.000 0.000 0.000 0.000 0.000 0.000
0.000 0.000 0.000 0.000 0.000 0.000 0.000 0.000
0.000 0.000 0.000 0.000 0.000 0.000 0.000 0.000
0.000 0.000 0.000 0.000 0.000 0.000 0.000 0.000
0.000 0.000 0.000 0.000 0.000 0.000 0.000 0.000
0.000 0.000 0.000 0.000 0.000 0.000 0.000 0.000
0.000 0.000 0.000 0.000 0.000 0.000 0.000 0.000
0.000 0.000 0.000 0.000 0.000 0.000 0.000 0.000
0.000 0.000 0.000 0.000 0.000 0.000 0.000 0.000
0.000 0.000 0.000 0.000 0.000 0.000 0.000 0.000
0.000 0.000 0.000 0.000 0.000 0.000 0.000 0.000
0.000 0.000 0.000 0.000 0.000 0.000 0.000 0.000
0.000 0.000 0.000 0.000 0.000 0.000 0.000 0.000
0.000 0.000 0.000 0.000 0.000 0.000 0.000 0.000
0.000 0.000 0.000 0.000 0.000 0.000 0.000 0.000
0.000 0.000 0.000 0.000 0.000 0.000 0.000 0.000
0.000 0.000 0.000 0.000 0.000 0.000 0.000 0.000
0.000 0.000 0.000 0.000 0.000 0.000 0.000 0.000
0.000 0.000 0.000 0.000 0.000 0.000 0.000 0.000
0.000 0.000 0.000 0.000 0.000 0.000 0.000 0.000
0.000 0.000 0.000 0.000 0.000 0.000 0.000 0.000
0.000 0.000 0.000 0.000 0.000 0.000 0.000 0.000
0.000 0.000 0.000 0.000 0.000 0.000 0.000 0.000
0.000 0.000 0.000 0.000 0.000 0.000 0.000 0.000
0.000 0.000 0.000 0.000 0.000 0.000 0.000 0.000
0.000 0.000 0.000 0.000 0.000 0.000 0.000 0.000
0.000 0.000 0.000 0.000 0.000 0.000 0.000 0.000
0.000 0.000 0.000 0.000 0.000 0.000 0.000 0.000
0.000 0.000 0.000 0.000 0.000 0.000 0.000 0.000
0.000 0.000 0.000 0.000 0.000 0.000 0.000 0.000
0.000 0.000 0.000 0.000 0.000 0.000 0.000 0.000
0.000 0.000 0.000 0.000 0.000 0.000 0.000 0.000
0.000 0.000 0.000 0.000 0.000 0.000 0.000 0.000
0.000 0.000 0.000 0.000 0.000 0.000 0.000 0.000
0.000 0.000 0.000 0.000 0.000 0.000 0.000 0.000
0.000 0.000 0.000 0.000 0.000 0.000 0.000 0.000
0.000 0.000 0.000 0.000 0.000 0.000 0.000 0.000
0.000 0.000 0.000 0.000 0.000 0.000 0.000 0.000
0.000 0.000 0.000 0.000 0.000 0.000 0.000 0.000
0.000 0.000 0.000 0.000 0.000 0.000 0.000 0.000
0.000 0.000 0.000 0.000 0.000 0.000 0.000 0.000
0.000 0.000 0.000 0.000 0.000 0.000 0.000 0.000
0.000 0.000 0.000 0.000 0.000 0.000 0.000 0.000
0.000 0.000 0.000 0.000 0.000 0.000 0.000 0.000
0.000 0.000 0.000 0.000 0.000 0.000 0.000 0.000
0.000 0.000 0.000 0.000 0.000 0.000 0.000 0.000
0.000 0.000 0.000 0.000 0.000 0.000 0.000 0.000
0.000 0.000 0.000 0.000 0.000 0.000 0.000 0.000
0.000 0.000 0.000 0.000 0.000 0.000 0.000 0.000
0.000 0.000 0.000 0.000 0.000 0.000 0.000 0.000
0.000 0.000 0.000 0.000 0.000 0.000 0.000 0.000
0.000 0.000 0.000 0.000 0.000 0.000 0.000 0.000
0.000 0.000 0.000 0.000 0.000 0.000 0.000 0.000
0.000 0.000 0.000 0.000 0.000 0.000 0.000 0.000
0.000 0.000 0.000 0.000 0.000 0.000 0.000 0.000
0.000 0.000 0.000 0.000 0.000 0.000 0.000 0.000
0.000 0.000 0.000 0.000 0.000 0.000 0.000 0.000
0.000 0.000 0.000 0.000 0.000 0.000 0.000 0.000
0.000 0.000 0.000 0.000 0.000 0.000 0.000 0.000
0.000 0.000 0.000 0.000 0.000 0.000 0.000 0.000
0.000 0.000 0.000 0.000 0.000 0.000 0.000 0.000
0.000 0.000 0.000 0.000 0.000 0.000 0.000 0.000
0.000 0.000 0.000 0.000 0.000 0.000 0.000 0.000
0.000 0.000 0.000 0.000 0.000 0.000 0.000 0.000
0.000 0.000 0.000 0.000 0.000 0.000 0.000 0.000
0.000 0.000 0.000 0.000 0.000 0.000 0.000 0.000
0.000 0.000 0.000 0.000 0.000 0.000 0.000 0.000
0.000 0.000 0.000 0.000 0.000 0.000 0.000 0.000
0.000 0.000 0.000 0.000 0.000 0.000 0.000 0.000
0.000 0.000 0.000 0.000 0.000 0.000 0.000 0.000
0.000 0.000 0.000 0.000 0.000 0.000 0.000 0.000
0.000 0.000 0.000 0.000 0.000 0.000 0.000 0.000
0.000 0.000 0.000 0.000 0.000 0.000 0.000 0.000
0.000 0.000 0.000 0.000 0.000 0.000 0.000 0.000
0.000 0.000 0.000 0.000 0.000 0.000 0.000 0.000
0.000 0.000 0.000 0.000 0.000 0.000 0.000 0.000
0.000 0.000 0.000 0.000 0.000 0.000 0.000 0.000
0.000 0.000 0.000 0.000 0.000 0.000 0.000 0.000
0.000 0.000 0.000 0.000 0.000 0.000 0.000 0.000
0.000 0.000 0.000 0.000 0.000 0.000 0.000 0.000
0.000 0.000 0.000 0.000 0.000 0.000 0.000 0.000
0.000 0.000 0.000 0.000 0.000 0.000 0.000 0.000
0.000 0.000 0.000 0.000 0.000 0.000 0.000 0.000
0.000 0.000 0.000 0.000 0.000 0.000 0.000 0.000
0.000 0.000 0.000 0.000 0.000 0.000 0.000 0.000
0.000 0.000 0.000 0.000 0.000 0.000 0.000 0.000
0.000 0.000 0.000 0.000 0.000 0.000 0.000 0.000
0.000 0.000 0.000 0.000 0.000 0.000 0.000 0.000
0.000 0.000 0.000 0.000 0.000 0.000 0.000 0.000
0.000 0.000 0.000 0.000 0.000 0.000 0.000 0.000
0.000 0.000 0.000 0.000 0.000 0.000 0.000 0.000
0.000 0.000 0.000 0.000 0.000 0.000 0.000 0.000
0.000 0.000 0.000 0.000 0.000 0.000 0.000 0.000
0.000 0.000 0.000 0.000 0.000 0.000 0.000 0.000
0.000 0.000 0.000 0.000 0.000 0.000 0.000 0.000
0.000 0.000 0.000 0.000 0.000 0.000 0.000 0.000
0.000 0.000 0.000 0.000 0.000 0.000 0.000 0.000
0.000 0.000 0.000 0.000 0.000 0.000 0.000 0.000
0.000 0.000 0.000 0.000 0.000 0.000 0.000 0.000
0.000 0.000 0.000 0.000 0.000 0.000 0.000 0.000
0.000 0.000 0.000 0.000 0.000 0.000 0.000 0.000
0.000 0.000 0.000 0.000 0.000 0.000 0.000 0.000
0.000 0.000 0.000 0.000 0.000 0.000 0.000 0.000
0.000 0.000 0.000 0.000 0.000 0.000 0.000 0.000
0.000 0.000 0.000 0.000 0.000 0.000 0.000 0.000
0.000 0.000 0.000 0.000 0.000 0.000 0.000 0.000
0.000 0.000 0.000 0.000 0.000 0.000 0.000 0.000
0.000 0.000 0.000 0.000 0.000 0.000 0.000 0.000
0.000 0.000 0.000 0.000 0.000 0.000 0.000 0.000
0.000 0.000 0.000 0.000 0.000 0.000 0.000 0.000
0.000 0.000 0.000 0.000 0.000 0.000 0.000 0.000
0.000 0.000 0.000 0.000 0.000 0.000 0.000 0.000
0.000 0.000 0.000 0.000 0.000 0.000 0.000 0.000
0.000 0.000 0.000 0.000 0.000 0.000 0.000 0.000
0.000 0.000 0.000 0.000 0.000 0.000 0.000 0.000
0.000 0.000 0.000 0.000 0.000 0.000 0.000 0.000
0.000 0.000 0.000 0.000 0.000 0.000 0.000 0.000
0.000 0.000 0.000 0.000 0.000 0.000 0.000 0.000
0.000 0.000 0.000 0.000 0.000 0.000 0.000 0.000
0.000 0.000 0.000 0.000 0.000 0.000 0.000 0.000
0.000 0.000 0.000 0.000 0.000 0.000 0.000 0.000
0.000 0.000 0.000 0.000 0.000 0.000 0.000 0.000
0.000 0.000 0.000 0.000 0.000 0.000 0.000 0.000
0.000 0.000 0.000 0.000 0.000 0.000 0.000 0.000
0.000 0.000 0.000 0.000 0.000 0.000 0.000 0.000
0.000 0.000 0.000 0.000 0.000 0.000 0.000 0.000
0.000 0.000 0.000 0.000 0.000 0.000 0.000 0.000
0.000 0.000 0.000 0.000 0.000 0.000 0.000 0.000
0.000 0.000 0.000 0.000 0.000 0.000 0.000 0.000
0.000 0.000 0.000 0.000 0.000 0.000 0.000 0.000
0.000 0.000 0.000 0.000 0.000 0.000 0.000 0.000
0.000 0.000 0.000 0.000 0.000 0.000 0.000 0.000
0.000 0.000 0.000 0.000 0.000 0.000 0.000 0.000
0.000 0.000 0.000 0.000 0.000 0.000 0.000 0.000
0.000 0.000 0.000 0.000 0.000 0.000 0.000 0.000
0.000 0.000 0.000 0.000 0.000 0.000 0.000 0.000
0.000 0.000 0.000 0.000 0.000 0.000 0.000 0.000
0.000 0.000 0.000 0.000 0.000 0.000 0.000 0.000
0.000 0.000 0.000 0.000 0.000 0.000 0.000 0.000
0.000 0.000 0.000 0.000 0.000 0.000 0.000 0.000
0.000 0.000 0.000 0.000 0.000 0.000 0.000 0.000
0.000 0.000 0.000 0.000 0.000 0.000 0.000 0.000
0.000 0.000 0.000 0.000 0.000 0.000 0.000 0.000
0.000 0.000 0.000 0.000 0.000 0.000 0.000 0.000
0.000 0.000 0.000 0.000 0.000 0.000 0.000 0.000
0.000 0.000 0.000 0.000 0.000 0.000 0.000 0.000
0.000 0.000 0.000 0.000 0.000 0.000 0.000 0.000
0.000 0.000 0.000 0.000 0.000 0.000 0.000 0.000
0.000 0.000 0.000 0.000 0.000 0.000 0.000 0.000
0.000 0.000 0.000 0.000 0.000 0.000 0.000 0.000
0.000 0.000 0.000 0.000 0.000 0.000 0.000 0.000
0.000 0.000 0.000 0.000 0.000 0.000 0.000 0.000
0.000 0.000 0.000 0.000 0.000 0.000 0.000 0.000
0.000 0.000 0.000 0.000 0.000 0.000 0.000 0.000
0.000 0.000 0.000 0.000 0.000 0.000 0.000 0.000
0.000 0.000 0.000 0.000 0.000 0.000 0.000 0.000
0.000 0.000 0.000 0.000 0.000 0.000 0.000 0.000
0.000 0.000 0.000 0.000 0.000 0.000 0.000 0.000
0.000 0.000 0.000 0.000 0.000 0.000 0.000 0.000
0.000 0.000 0.000 0.000 0.000 0.000 0.000 0.000
0.000 0.000 0.000 0.000 0.000 0.000 0.000 0.000
0.000 0.000 0.000 0.000 0.000 0.000 0.000 0.000
0.000 0.000 0.000 0.000 0.000 0.000 0.000 0.000
0.000 0.000 0.000 0.000 0.000 0.000 0.000 0.000
0.000 0.000 0.000 0.000 0.000 0.000 0.000 0.000
0.000 0.000 0.000 0.000 0.000 0.000 0.000 0.000
0.000 0.000 0.000 0.000 0.000 0.000 0.000 0.000
0.000 0.000 0.000 0.000 0.000 0.000 0.000 0.000
0.000 0.000 0.000 0.000 0.000 0.000 0.000 0.000
0.000 0.000 0.000 0.000 0.000 0.000 0.000 0.000
0.000 0.000 0.000 0.000 0.000 0.000 0.000 0.000
0.000 0.000 0.000 0.000 0.000 0.000 0.000 0.000
0.000 0.000 0.000 0.000 0.000 0.000 0.000 0.000
0.000 0.000 0.000 0.000 0.000 0.000 0.000 0.000
0.000 0.000 0.000 0.000 0.000 0.000 0.000 0.000
0.000 0.000 0.000 0.000 0.000 0.000 0.000 0.000
0.000 0.000 0.000 0.000 0.000 0.000 0.000 0.000
0.000 0.000 0.000 0.000 0.000 0.000 0.000 0.000
0.000 0.000 0.000 0.000 0.000 0.000 0.000 0.000
0.000 0.000 0.000 0.000 0.000 0.000 0.000 0.000
0.000 0.000 0.000 0.000 0.000 0.000 0.000 0.000
0.000 0.000 0.000 0.000 0.000 0.000 0.000 0.000
0.000 0.000 0.000 0.000 0.000 0.000 0.000 0.000
0.000 0.000 0.000 0.000 0.000 0.000 0.000 0.000
0.000 0.000 0.000 0.000 0.000 0.000 0.000 0.000
0.000 0.000 0.000 0.000 0.000 0.000 0.000 0.000
0.000 0.000 0.000 0.000 0.000 0.000 0.000 0.000
0.000 0.000 0.000 0.000 0.000 0.000 0.000 0.000
0.000 0.000 0.000 0.000 0.000 0.000 0.000 0.000
0.000 0.000 0.000 0.000 0.000 0.000 0.000 0.000
0.000 0.000 0.000 0.000 0.000 0.000 0.000 0.000
0.000 0.000 0.000 0.000 0.000 0.000 0.000 0.000
0.000 0.000 0.000 0.000 0.000 0.000 0.000 0.000
0.000 0.000 0.000 0.000 0.000 0.000 0.000 0.000
0.000 0.000 0.000 0.000 0.000 0.000 0.000 0.000
0.000 0.000 0.000 0.000 0.000 0.000 0.000 0.000
0.000 0.000 0.000 0.000 0.000 0.000 0.000 0.000
0.000 0.000 0.000 0.000 0.000 0.000 0.000 0.000
0.000 0.000 0.000 0.000 0.000 0.000 0.000 0.000
0.000 0.000 0.000 0.000 0.000 0.000 0.000 0.000
0.000 0.000 0.000 0.000 0.000 0.000 0.000 0.000
0.000 0.000 0.000 0.000 0.000 0.000 0.000 0.000
0.000 0.000 0.000 0.000 0.000 0.000 0.000 0.000
0.000 0.000 0.000 0.000 0.000 0.000 0.000 0.000
0.000 0.000 0.000 0.000 0.000 0.000 0.000 0.000
0.000 0.000 0.000 0.000 0.000 0.000 0.000 0.000
0.000 0.000 0.000 0.000 0.000 0.000 0.000 0.000
0.000 0.000 0.000 0.000 0.000 0.000 0.000 0.000
0.000 0.000 0.000 0.000 0.000 0.000 0.000 0.000
0.000 0.000 0.000 0.000 0.000 0.000 0.000 0.000
0.000 0.000 0.000 0.000 0.000 0.000 0.000 0.000
0.000 0.000 0.000 0.000 0.000 0.000 0.000 0.000
0.000 0.000 0.000 0.000 0.000 0.000 0.000 0.000
0.000 0.000 0.000 0.000 0.000 0.000 0.000 0.000
0.000 0.000 0.000 0.000 0.000 0.000 0.000 0.000
0.000 0.000 0.000 0.000 0.000 0.000 0.000 0.000
0.000 0.000 0.000 0.000 0.000 0.000 0.000 0.000
0.000 0.000 0.000 0.000 0.000 0.000 0.000 0.000
0.000 0.000 0.000 0.000 0.000 0.000 0.000 0.000
0.000 0.000 0.000 0.000 0.000 0.000 0.000 0.000
0.000 0.000 0.000 0.000 0.000 0.000 0.000 0.000
0.000 0.000 0.000 0.000 0.000 0.000 0.000 0.000
0.000 0.000 0.000 0.000 0.000 0.000 0.000 0.000
0.000 0.000 0.000 0.000 0.000 0.000 0.000 0.000
0.000 0.000 0.000 0.000 0.000 0.000 0.000 0.000
0.000 0.000 0.000 0.000 0.000 0.000 0.000 0.000
0.000 0.000 0.000 0.000 0.000 0.000 0.000 0.000
0.000 0.000 0.000 0.000 0.000 0.000 0.000 0.000
0.000 0.000 0.000 0.000 0.000 0.000 0.000 0.000
0.000 0.000 0.000 0.000 0.000 0.000 0.000 0.000
0.000 0.000 0.000 0.000 0.000 0.000 0.000 0.000
0.000 0.000 0.000 0.000 0.000 0.000 0.000 0.000
0.000 0.000 0.000 0.000 0.000 0.000 0.000 0.000
0.000 0.000 0.000 0.000 0.000 0.000 0.000 0.000
0.000 0.000 0.000 0.000 0.000 0.000 0.000 0.000
0.000 0.000 0.000 0.000 0.000 0.000 0.000 0.000
0.000 0.000 0.000 0.000 0.000 0.000 0.000 0.000
0.000 0.000 0.000 0.000 0.000 0.000 0.000 0.000
0.000 0.000 0.000 0.000 0.000 0.000 0.000 0.000
0.000 0.000 0.000 0.000 0.000 0.000 0.000 0.000
0.000 0.000 0.000 0.000 0.000 0.000 0.000 0.000
0.000 0.000 0.000 0.000 0.000 0.000 0.000 0.000
0.000 0.000 0.000 0.000 0.000 0.000 0.000 0.000
0.000 0.000 0.000 0.000 0.000 0.000 0.000 0.000
0.000 0.000 0.000 0.000 0.000 0.000 0.000 0.000
0.000 0.000 0.000 0.000 0.000 0.000 0.000 0.000
0.000 0.000 0.000 0.000 0.000 0.000 0.000 0.000
0.000 0.000 0.000 0.000 0.000 0.000 0.000 0.000
0.000 0.000 0.000 0.000 0.000 0.000 0.000 0.000
0.000 0.000 0.000 0.000 0.000 0.000 0.000 0.000
0.000 0.000 0.000 0.000 0.000 0.000 0.000 0.000
0.000 0.000 0.000 0.000 0.000 0.000 0.000 0.000
0.000 0.000 0.000 0.000 0.000 0.000 0.000 0.000
0.000 0.000 0.000 0.000 0.000 0.000 0.000 0.000
0.000 0.000 0.000 0.000 0.000 0.000 0.000 0.000
0.000 0.000 0.000 0.000 0.000 0.000 0.000 0.000
0.000 0.000 0.000 0.000 0.000 0.000 0.000 0.000
0.000 0.000 0.000 0.000 0.000 0.000 0.000 0.000
0.000 0.000 0.000 0.000 0.000 0.000 0.000 0.000
0.000 0.000 0.000 0.000 0.000 0.000 0.000 0.000
0.000 0.000 0.000 0.000 0.000 0.000 0.000 0.000
0.000 0.000 0.000 0.000 0.000 0.000 0.000 0.000
0.000 0.000 0.000 0.000 0.000 0.000 0.000 0.000
0.000 0.000 0.000 0.000 0.000 0.000 0.000 0.000
0.000 0.000 0.000 0.000 0.000 0.000 0.000 0.000
0.000 0.000 0.000 0.000 0.000 0.000 0.000 0.000
0.000 0.000 0.000 0.000 0.000 0.000 0.000 0.000
0.000 0.000 0.000 0.000 0.000 0.000 0.000 0.000
0.000 0.000 0.000 0.000 0.000 0.000 0.000 0.000
0.000 0.000 0.000 0.000 0.000 0.000 0.000 0.000
0.000 0.000 0.000 0.000 0.000 0.000 0.000 0.000
0.000 0.000 0.000 0.000 0.000 0.000 0.000 0.000
0.000 0.000 0.000 0.000 0.000 0.000 0.000 0.000
0.000 0.000 0.000 0.000 0.000 0.000 0.000 0.000
0.000 0.000 0.000 0.000 0.000 0.000 0.000 0.000
0.000 0.000 0.000 0.000 0.000 0.000 0.000 0.000
0.000 0.000 0.000 0.000 0.000 0.000 0.000 0.000
0.000 0.000 0.000 0.000 0.000 0.000 0.000 0.000
0.000 0.000 0.000 0.000 0.000 0.000 0.000 0.000
0.000 0.000 0.000 0.000 0.000 0.000 0.000 0.000
0.000 0.000 0.000 0.000 0.000 0.000 0.000 0.000
0.000 0.000 0.000 0.000 0.000 0.000 0.000 0.000
0.000 0.000 0.000 0.000 0.000 0.000 0.000 0.000
0.000 0.000 0.000 0.000 0.000 0.000 0.000 0.000
0.000 0.000 0.000 0.000 0.000 0.000 0.000 0.000
0.000 0.000 0.000 0.000 0.000 0.000 0.000 0.000
0.000 0.000 0.000 0.000 0.000 0.000 0.000 0.000
0.000 0.000 0.000 0.000 0.000 0.000 0.000 0.000
0.000 0.000 0.000 0.000 0.000 0.000 0.000 0.000
0.000 0.000 0.000 0.000 0.000 0.000 0.000 0.000
0.000 0.000 0.000 0.000 0.000 0.000 0.000 0.000
0.000 0.000 0.000 0.000 0.000 0.000 0.000 0.000
0.000 0.000 0.000 0.000 0.000 0.000 0.000 0.000
0.000 0.000 0.000 0.000 0.000 0.000 0.000 0.000
0.000 0.000 0.000 0.000 0.000 0.000 0.000 0.000
0.000 0.000 0.000 0.000 0.000 0.000 0.000 0.000
0.000 0.000 0.000 0.000 0.000 0.000 0.000 0.000
0.000 0.000 0.000 0.000 0.000 0.000 0.000 0.000
0.000 0.000 0.000 0.000 0.000 0.000 0.000 0.000
0.000 0.000 0.000 0.000 0.000 0.000 0.000 0.000
0.000 0.000 0.000 0.000 0.000 0.000 0.000 0.000
0.000 0.000 0.000 0.000 0.000 0.000 0.000 0.000
0.000 0.000 0.000 0.000 0.000 0.000 0.000 0.000
0.000 0.000 0.000 0.000 0.000 0.000 0.000 0.000
0.000 0.000 0.000 0.000 0.000 0.000 0.000 0.000
0.000 0.000 0.000 0.000 0.000 0.000 0.000 0.000
0.000 0.000 0.000 0.000 0.000 0.000 0.000 0.000
0.000 0.000 0.000 0.000 0.000 0.000 0.000 0.000
0.000 0.000 0.000 0.000 0.000 0.000 0.000 0.000
0.000 0.000 0.000 0.000 0.000 0.000 0.000 0.000
0.000 0.000 0.000 0.000 0.000 0.000 0.000 0.000
0.000 0.000 0.000 0.000 0.000 0.000 0.000 0.000
0.000 0.000 0.000 0.000 0.000 0.000 0.000 0.000
0.000 0.000 0.000 0.000 0.000 0.000 0.000 0.000
0.000 0.000 0.000 0.000 0.000 0.000 0.000 0.000
0.000 0.000 0.000 0.000 0.000 0.000 0.000 0.000
0.000 0.000 0.000 0.000 0.000 0.000 0.000 0.000
0.000 0.000 0.000 0.000 0.000 0.000 0.000 0.000
0.000 0.000 0.000 0.000 0.000 0.000 0.000 0.000
0.000 0.000 0.000 0.000 0.000 0.000 0.000 0.000
0.000 0.000 0.000 0.000 0.000 0.000 0.000 0.000
0.000 0.000 0.000 0.000 0.000 0.000 0.000 0.000
0.000 0.000 0.000 0.000 0.000 0.000 0.000 0.000
0.000 0.000 0.000 0.000 0.000 0.000 0.000 0.000
0.000 0.000 0.000 0.000 0.000 0.000 0.000 0.000
0.000 0.000 0.000 0.000 0.000 0.000 0.000 0.000
0.000 0.000 0.000 0.000 0.000 0.000 0.000 0.000
0.000 0.000 0.000 0.000 0.000 0.000 0.000 0.000
0.000 0.000 0.000 0.000 0.000 0.000 0.000 0.000
0.000 0.000 0.000 0.000 0.000 0.000 0.000 0.000
0.000 0.000 0.000 0.000 0.000 0.000 0.000 0.000
0.000 0.000 0.000 0.000 0.000 0.000 0.000 0.000
0.000 0.000 0.000 0.000 0.000 0.000 0.000 0.000
0.000 0.000 0.000 0.000 0.000 0.000 0.000 0.000
0.000 0.000 0.000 0.000 0.000 0.000 0.000 0.000
0.000 0.000 0.000 0.000 0.000 0.000 0.000 0.000
0.000 0.000 0.000 0.000 0.000 0.000 0.000 0.000
0.000 0.000 0.000 0.000 0.000 0.000 0.000 0.000
0.000 0.000 0.000 0.000 0.000 0.000 0.000 0.000
0.000 0.000 0.000 0.000 0.000 0.000 0.000 0.000
0.000 0.000 0.000 0.000 0.000 0.000 0.000 0.000
0.000 0.000 0.000 0.000 0.000 0.000 0.000 0.000
0.000 0.000 0.000 0.000 0.000 0.000 0.000 0.000
0.000 0.000 0.000 0.000 0.000 0.000 0.000 0.000
0.000 0.000 0.000 0.000 0.000 0.000 0.000 0.000
0.000 0.000 0.000 0.000 0.000 0.000 0.000 0.000
0.000 0.000 0.000 0.000 0.000 0.000 0.000 0.000
0.000 0.000 0.000 0.000 0.000 0.000 0.000 0.000
0.000 0.000 0.000 0.000 0.000 0.000 0.000 0.000
0.000 0.000 0.000 0.000 0.000 0.000 0.000 0.000
0.000 0.000 0.000 0.000 0.000 0.000 0.000 0.000
0.000 0.000 0.000 0.000 0.000 0.000 0.000 0.000
0.000 0.000 0.000 0.000 0.000 0.000 0.000 0.000
0.000 0.000 0.000 0.000 0.000 0.000 0.000 0.000
0.000 0.000 0.000 0.000 0.000 0.000 0.000 0.000
0.000 0.000 0.000 0.000 0.000 0.000 0.000 0.000
0.000 0.000 0.000 0.000 0.000 0.000 0.000 0.000
0.000 0.000 0.000 0.000 0.000 0.000 0.000 0.000
0.000 0.000 0.000 0.000 0.000 0.000 0.000 0.000
0.000 0.000 0.000 0.000 0.000 0.000 0.000 0.000
0.000 0.000 0.000 0.000 0.000 0.000 0.000 0.000
0.000 0.000 0.000 0.000 0.000 0.000 0.000 0.000
0.000 0.000 0.000 0.000 0.000 0.000 0.000 0.000
0.000 0.000 0.000 0.000 0.000 0.000 0.000 0.000
0.000 0.000 0.000 0.000 0.000 0.000 0.000 0.000
0.000 0.000 0.000 0.000 0.000 0.000 0.000 0.000
0.000 0.000 0.000 0.000 0.000 0.000 0.000 0.000
0.000 0.000 0.000 0.000 0.000 0.000 0.000 0.000
0.000 0.000 0.000 0.000 0.000 0.000 0.000 0.000
0.000 0.000 0.000 0.000 0.000 0.000 0.000 0.000
0.000 0.000 0.000 0.000 0.000 0.000 0.000 0.000
0.000 0.000 0.000 0.000 0.000 0.000 0.000 0.000
0.000 0.000 0.000 0.000 0.000 0.000 0.000 0.000
0.000 0.000 0.000 0.000 0.000 0.000 0.000 0.000
0.000 0.000 0.000 0.000 0.000 0.000 0.000 0.000
0.000 0.000 0.000 0.000 0.000 0.000 0.000 0.000
0.000 0.000 0.000 0.000 0.000 0.000 0.000 0.000
0.000 0.000 0.000 0.000 0.000 0.000 0.000 0.000
0.000 0.000 0.000 0.000 0.000 0.000 0.000 0.000
0.000 0.000 0.000 0.000 0.000 0.000 0.000 0.000
0.000 0.000 0.000 0.000 0.000 0.000 0.000 0.000
0.000 0.000 0.000 0.000 0.000 0.000 0.000 0.000
0.000 0.000 0.000 0.000 0.000 0.000 0.000 0.000
0.000 0.000 0.000 0.000 0.000 0.000 0.000 0.000
0.000 0.000 0.000 0.000 0.000 0.000 0.000 0.000
0.000 0.000 0.000 0.000 0.000 0.000 0.000 0.000
0.000 0.000 0.000 0.000 0.000 0.000 0.000 0.000
0.000 0.000 0.000 0.000 0.000 0.000 0.000 0.000
0.000 0.000 0.000 0.000 0.000 0.000 0.000 0.000
0.000 0.000 0.000 0.000 0.000 0.000 0.000 0.000
0.000 0.000 0.000 0.000 0.000 0.000 0.000 0.000
0.000 0.000 0.000 0.000 0.000 0.000 0.000 0.000
0.000 0.000 0.000 0.000 0.000 0.000 0.000 0.000
0.000 0.000 0.000 0.000 0.000 0.000 0.000 0.000
0.000 0.000 0.000 0.000 0.000 0.000 0.000 0.000
0.000 0.000 0.000 0.000 0.000 0.000 0.000 0.000
0.000 0.000 0.000 0.000 0.000 0.000 0.000 0.000
0.000 0.000 0.000 0.000 0.000 0.000 0.000 0.000
0.000 0.000 0.000 0.000 0.000 0.000 0.000 0.000
0.000 0.000 0.000 0.000 0.000 0.000 0.000 0.000
0.000 0.000 0.000 0.000 0.000 0.000 0.000 0.000
0.000 0.000 0.000 0.000 0.000 0.000 0.000 0.000
0.000 0.000 0.000 0.000 0.000 0.000 0.000 0.000
0.000 0.000 0.000 0.000 0.000 0.000 0.000 0.000
0.000 0.000 0.000 0.000 0.000 0.000 0.000 0.000
0.000 0.000 0.000 0.000 0.000 0.000 0.000 0.000
0.000 0.000 0.000 0.000 0.000 0.000 0.000 0.000
0.000 0.000 0.000 0.000 0.000 0.000 0.000 0.000
0.000 0.000 0.000 0.000 0.000 0.000 0.000 0.000
0.000 0.000 0.000 0.000 0.000 0.000 0.000 0.000
0.000 0.000 0.000 0.000 0.000 0.000 0.000 0.000
0.000 0.000 0.000 0.000 0.000 0.000 0.000 0.000
0.000 0.000 0.000 0.000 0.000 0.000 0.000 0.000
0.000 0.000 0.000 0.000 0.000 0.000 0.000 0.000
0.000 0.000 0.000 0.000 0.000 0.000 0.000 0.000
0.000 0.000 0.000 0.000 0.000 0.000 0.000 0.000
0.000 0.000 0.000 0.000 0.000 0.000 0.000 0.000
0.000 0.000 0.000 0.000 0.000 0.000 0.000 0.000
0.000 0.000 0.000 0.000 0.000 0.000 0.000 0.000
0.000 0.000 0.000 0.000 0.000 0.000 0.000 0.000
0.000 0.000 0.000 0.000 0.000 0.000 0.000 0.000
0.000 0.000 0.000 0.000 0.000 0.000 0.000 0.000
0.000 0.000 0.000 0.000 0.000 0.000 0.000 0.000
0.000 0.000 0.000 0.000 0.000 0.000 0.000 0.000
0.000 0.000 0.000 0.000 0.000 0.000 0.000 0.000
0.000 0.000 0.000 0.000 0.000 0.000 0.000 0.000
0.000 0.000 0.000 0.000 0.000 0.000 0.000 0.000
0.000 0.000 0.000 0.000 0.000 0.000 0.000 0.000
0.000 0.000 0.000 0.000 0.000 0.000 0.000 0.000
0.000 0.000 0.000 0.000 0.000 0.000 0.000 0.000
0.000 0.000 0.000 0.000 0.000 0.000 0.000 0.000
0.000 0.000 0.000 0.000 0.000 0.000 0.000 0.000
0.000 0.000 0.000 0.000 0.000 0.000 0.000 0.000
0.000 0.000 0.000 0.000 0.000 0.000 0.000 0.000
0.000 0.000 0.000 0.000 0.000 0.000 0.000 0.000
0.000 0.000 0.000 0.000 0.000 0.000 0.000 0.000
0.000 0.000 0.000 0.000 0.000 0.000 0.000 0.000
0.000 0.000 0.000 0.000 0.000 0.000 0.000 0.000
0.000 0.000 0.000 0.000 0.000 0.000 0.000 0.000
0.000 0.000 0.000 0.000 0.000 0.000 0.000 0.000
0.000 0.000 0.000 0.000 0.000 0.000 0.000 0.000
0.000 0.000 0.000 0.000 0.000 0.000 0.000 0.000
0.000 0.000 0.000 0.000 0.000 0.000 0.000 0.000
0.000 0.000 0.000 0.000 0.000 0.000 0.000 0.000
0.000 0.000 0.000 0.000 0.000 0.000 0.000 0.000
0.000 0.000 0.000 0.000 0.000 0.000 0.000 0.000
0.000 0.000 0.000 0.000 0.000 0.000 0.000 0.000
0.000 0.000 0.000 0.000 0.000 0.000 0.000 0.000
0.000 0.000 0.000 0.000 0.000 0.000 0.000 0.000
0.000 0.000 0.000 0.000 0.000 0.000 0.000 0.000
0.000 0.000 0.000 0.000 0.000 0.000 0.000 0.000
0.000 0.000 0.000 0.000 0.000 0.000 0.000 0.000
0.000 0.000 0.000 0.000 0.000 0.000 0.000 0.000
0.000 0.000 0.000 0.000 0.000 0.000 0.000 0.000
0.000 0.000 0.000 0.000 0.000 0.000 0.000 0.000
0.000 0.000 0.000 0.000 0.000 0.000 0.000 0.000
0.000 0.000 0.000 0.000 0.000 0.000 0.000 0.000
0.000 0.000 0.000 0.000 0.000 0.000 0.000 0.000
0.000 0.000 0.000 0.000 0.000 0.000 0.000 0.000
0.000 0.000 0.000 0.000 0.000 0.000 0.000 0.000
0.000 0.000 0.000 0.000 0.000 0.000 0.000 0.000
0.000 0.000 0.000 0.000 0.000 0.000 0.000 0.000
0.000 0.000 0.000 0.000 0.000 0.000 0.000 0.000
0.000 0.000 0.000 0.000 0.000 0.000 0.000 0.000
0.000 0.000 0.000 0.000 0.000 0.000 0.000 0.000
0.000 0.000 0.000 0.000 0.000 0.000 0.000 0.000
0.000 0.000 0.000 0.000 0.000 0.000 0.000 0.000
0.000 0.000 0.000 0.000 0.000 0.000 0.000 0.000
0.000 0.000 0.000 0.000 0.000 0.000 0.000 0.000
0.000 0.000 0.000 0.000 0.000 0.000 0.000 0.000
0.000 0.000 0.000 0.000 0.000 0.000 0.000 0.000
0.000 0.000 0.000 0.000 0.000 0.000 0.000 0.000
0.000 0.000 0.000 0.000 0.000 0.000 0.000 0.000
0.000 0.000 0.000 0.000 0.000 0.000 0.000 0.000
0.000 0.000 0.000 0.000 0.000 0.000 0.000 0.000
0.000 0.000 0.000 0.000 0.000 0.000 0.000 0.000
0.000 0.000 0.000 0.000 0.000 0.000 0.000 0.000
0.000 0.000 0.000 0.000 0.000 0.000 0.000 0.000
0.000 0.000 0.000 0.000 0.000 0.000 0.000 0.000
0.000 0.000 0.000 0.000 0.000 0.000 0.000 0.000
0.000 0.000 0.000 0.000 0.000 0.000 0.000 0.000
0.000 0.000 0.000 0.000 0.000 0.000 0.000 0.000
0.000 0.000 0.000 0.000 0.000 0.000 0.000 0.000
0.000 0.000 0.000 0.000 0.000 0.000 0.000 0.000
0.000 0.000 0.000 0.000 0.000 0.000 0.000 0.000
0.000 0.000 0.000 0.000 0.000 0.000 0.000 0.000
0.000 0.000 0.000 0.000 0.000 0.000 0.000 0.000
0.000 0.000 0.000 0.000 0.000 0.000 0.000 0.000
0.000 0.000 0.000 0.000 0.000 0.000 0.000 0.000
0.000 0.000 0.000 0.000 0.000 0.000 0.000 0.000
0.000 0.000 0.000 0.000 0.000 0.000 0.000 0.000
0.000 0.000 0.000 0.000 0.000 0.000 0.000 0.000
0.000 0.000 0.000 0.000 0.000 0.000 0.000 0.000
0.000 0.000 0.000 0.000 0.000 0.000 0.000 0.000
0.000 0.000 0.000 0.000 0.000 0.000 0.000 0.000
0.000 0.000 0.000 0.000 0.000 0.000 0.000 0.000
0.000 0.000 0.000 0.000 0.000 0.000 0.000 0.000
0.000 0.000 0.000 0.000 0.000 0.000 0.000 0.000
0.000 0.000 0.000 0.000 0.000 0.000 0.000 0.000
0.000 0.000 0.000 0.000 0.000 0.000 0.000 0.000
0.000 0.000 0.000 0.000 0.000 0.000 0.000 0.000
0.000 0.000 0.000 0.000 0.000 0.000 0.000 0.000
0.000 0.000 0.000 0.000 0.000 0.000 0.000 0.000
0.000 0.000 0.000 0.000 0.000 0.000 0.000 0.000
0.000 0.000 0.000 0.000 0.000 0.000 0.000 0.000
0.000 0.000 0.000 0.000 0.000 0.000 0.000 0.000
0.000 0.000 0.000 0.000 0.000 0.000 0.000 0.000
0.000 0.000 0.000 0.000 0.000 0.000 0.000 0.000
0.000 0.000 0.000 0.000 0.000 0.000 0.000 0.000
0.000 0.000 0.000 0.000 0.000 0.000 0.000 0.000
0.000 0.000 0.000 0.000 0.000 0.000 0.000 0.000
0.000 0.000 0.000 0.000 0.000 0.000 0.000 0.000
0.000 0.000 0.000 0.000 0.000 0.000 0.000 0.000
0.000 0.000 0.000 0.000 0.000 0.000 0.000 0.000
0.000 0.000 0.000 0.000 0.000 0.000 0.000 0.000
0.000 0.000 0.000 0.000 0.000 0.000 0.000 0.000
0.000 0.000 0.000 0.000 0.000 0.000 0.000 0.000
0.000 0.000 0.000 0.000 0.000 0.000 0.000 0.000
0.000 0.000 0.000 0.000 0.000 0.000 0.000 0.000
0.000 0.000 0.000 0.000 0.000 0.000 0.000 0.000
0.000 0.000 0.000 0.000 0.000 0.000 0.000 0.000
0.000 0.000 0.000 0.000 0.000 0.000 0.000 0.000
0.000 0.000 0.000 0.000 0.000 0.000 0.000 0.000
0.000 0.000 0.000 0.000 0.000 0.000 0.000 0.000
0.000 0.000 0.000 0.000 0.000 0.000 0.000 0.000
0.000 0.000 0.000 0.000 0.000 0.000 0.000 0.000
0.000 0.000 0.000 0.000 0.000 0.000 0.000 0.000
0.000 0.000 0.000 0.000 0.000 0.000 0.000 0.000
0.000 0.000 0.000 0.000 0.000 0.000 0.000 0.000
0.000 0.000 0.000 0.000 0.000 0.000 0.000 0.000
0.000 0.000 0.000 0.000 0.000 0.000 0.000 0.000
0.000 0.000 0.000 0.000 0.000 0.000 0.000 0.000
0.000 0.000 0.000 0.000 0.000 0.000 0.000 0.000
0.000 0.000 0.000 0.000 0.000 0.000 0.000 0.000
0.000 0.000 0.000 0.000 0.000 0.000 0.000 0.000
0.000 0.000 0.000 0.000 0.000 0.000 0.000 0.000
0.000 0.000 0.000 0.000 0.000 0.000 0.000 0.000
0.000 0.000 0.000 0.000 0.000 0.000 0.000 0.000
0.000 0.000 0.000 0.000 0.000 0.000 0.000 0.000
0.000 0.000 0.000 0.000 0.000 0.000 0.000 0.000
0.000 0.000 0.000 0.000 0.000 0.000 0.000 0.000
0.000 0.000 0.000 0.000 0.000 0.000 0.000 0.000
0.000 0.000 0.000 0.000 0.000 0.000 0.000 0.000
0.000 0.000 0.000 0.000 0.000 0.000 0.000 0.000
0.000 0.000 0.000 0.000 0.000 0.000 0.000 0.000
0.000 0.000 0.000 0.000 0.000 0.000 0.000 0.000
0.000 0.000 0.000 0.000 0.000 0.000 0.000 0.000
0.000 0.000 0.000 0.000 0.000 0.000 0.000 0.000
0.000 0.000 0.000 0.000 0.000 0.000 0.000 0.000
0.000 0.000 0.000 0.000 0.000 0.000 0.000 0.000
0.000 0.000 0.000 0.000 0.000 0.000 0.000 0.000
0.000 0.000 0.000 0.000 0.000 0.000 0.000 0.000
0.000 0.000 0.000 0.000 0.000 0.000 0.000 0.000
0.000 0.000 0.000 0.000 0.000 0.000 0.000 0.000
0.000 0.000 0.000 0.000 0.000 0.000 0.000 0.000
0.000 0.000 0.000 0.000 0.000 0.000 0.000 0.000
0.000 0.000 0.000 0.000 0.000 0.000 0.000 0.000
0.000 0.000 0.000 0.000 0.000 0.000 0.000 0.000
0.000 0.000 0.000 0.000 0.000 0.000 0.000 0.000
0.000 0.000 0.000 0.000 0.000 0.000 0.000 0.000
0.000 0.000 0.000 0.000 0.000 0.000 0.000 0.000
0.000 0.000 0.000 0.000 0.000 0.000 0.000 0.000
0.000 0.000 0.000 0.000 0.000 0.000 0.000 0.000
0.000 0.000 0.000 0.000 0.000 0.000 0.000 0.000
0.000 0.000 0.000 0.000 0.000 0.000 0.000 0.000
0.000 0.000 0.000 0.000 0.000 0.000 0.000 0.000
0.000 0.000 0.000 0.000 0.000 0.000 0.000 0.000
0.000 0.000 0.000 0.000 0.000 0.000 0.000 0.000
0.000 0.000 0.000 0.000 0.000 0.000 0.000 0.000
0.000 0.000 0.000 0.000 0.000 0.000 0.000 0.000
0.000 0.000 0.000 0.000 0.000 0.000 0.000 0.000
0.000 0.000 0.000 0.000 0.000 0.000 0.000 0.000
0.000 0.000 0.000 0.000 0.000 0.000 0.000 0.000
0.000 0.000 0.000 0.000 0.000 0.000 0.000 0.000
0.000 0.000 0.000 0.000 0.000 0.000 0.000 0.000
0.000 0.000 0.000 0.000 0.000 0.000 0.000 0.000
0.000 0.000 0.000 0.000 0.000 0.000 0.000 0.000
0.000 0.000 0.000 0.000 0.000 0.000 0.000 0.000
0.000 0.000 0.000 0.000 0.000 0.000 0.000 0.000
0.000 0.000 0.000 0.000 0.000 0.000 0.000 0.000
0.000 0.000 0.000 0.000 0.000 0.000 0.000 0.000
0.000 0.000 0.000 0.000 0.000 0.000 0.000 0.000
0.000 0.000 0.000 0.000 0.000 0.000 0.000 0.000
0.000 0.000 0.000 0.000 0.000 0.000 0.000 0.000
0.000 0.000 0.000 0.000 0.000 0.000 0.000 0.000
0.000 0.000 0.000 0.000 0.000 0.000 0.000 0.000
0.000 0.000 0.000 0.000 0.000 0.000 0.000 0.000
0.000 0.000 0.000 0.000 0.000 0.000 0.000 0.000
0.000 0.000 0.000 0.000 0.000 0.000 0.000 0.000
0.000 0.000 0.000 0.000 0.000 0.000 0.000 0.000
0.000 0.000 0.000 0.000 0.000 0.000 0.000 0.000
0.000 0.000 0.000 0.000 0.000 0.000 0.000 0.000
0.000 0.000 0.000 0.000 0.000 0.000 0.000 0.000
0.000 0.000 0.000 0.000 0.000 0.000 0.000 0.000
0.000 0.000 0.000 0.000 0.000 0.000 0.000 0.000
0.000 0.000 0.000 0.000 0.000 0.000 0.000 0.000
0.000 0.000 0.000 0.000 0.000 0.000 0.000 0.000
0.000 0.000 0.000 0.000 0.000 0.000 0.000 0.000
0.000 0.000 0.000 0.000 0.000 0.000 0.000 0.000
0.000 0.000 0.000 0.000 0.000 0.000 0.000 0.000
0.000 0.000 0.000 0.000 0.000 0.000 0.000 0.000
0.000 0.000 0.000 0.000 0.000 0.000 0.000 0.000
0.000 0.000 0.000 0.000 0.000 0.000 0.000 0.000
0.000 0.000 0.000 0.000 0.000 0.000 0.000 0.000
0.000 0.000 0.000 0.000 0.000 0.000 0.000 0.000
0.000 0.000 0.000 0.000 0.000 0.000 0.000 0.000
0.000 0.000 0.000 0.000 0.000 0.000 0.000 0.000
0.000 0.000 0.000 0.000 0.000 0.000 0.000 0.000
0.000 0.000 0.000 0.000 0.000 0.000 0.000 0.000
0.000 0.000 0.000 0.000 0.000 0.000 0.000 0.000
0.000 0.000 0.000 0.000 0.000 0.000 0.000 0.000
0.000 0.000 0.000 0.000 0.000 0.000 0.000 0.000
0.000 0.000 0.000 0.000 0.000 0.000 0.000 0.000
0.000 0.000 0.000 0.000 0.000 0.000 0.000 0.000
0.000 0.000 0.000 0.000 0.000 0.000 0.000 0.000
0.000 0.000 0.000 0.000 0.000 0.000 0.000 0.000
0.000 0.000 0.000 0.000 0.000 0.000 0.000 0.000
0.000 0.000 0.000 0.000 0.000 0.000 0.000 0.000
0.000 0.000 0.000 0.000 0.000 0.000 0.000 0.000
0.000 0.000 0.000 0.000 0.000 0.000 0.000 0.000
0.000 0.000 0.000 0.000 0.000 0.000 0.000 0.000
0.000 0.000 0.000 0.000 0.000 0.000 0.000 0.000
0.000 0.000 0.000 0.000 0.000 0.000 0.000 0.000
0.000 0.000 0.000 0.000 0.000 0.000 0.000 0.000
0.000 0.000 0.000 0.000 0.000 0.000 0.000 0.000
0.000 0.000 0.000 0.000 0.000 0.000 0.000 0.000
0.000 0.000 0.000 0.000 0.000 0.000 0.000 0.000
0.000 0.000 0.000 0.000 0.000 0.000 0.000 0.000
0.000 0.000 0.000 0.000 0.000 0.000 0.000 0.000
0.000 0.000 0.000 0.000 0.000 0.000 0.000 0.000
0.000 0.000 0.000 0.000 0.000 0.000 0.000 0.000
0.000 0.000 0.000 0.000 0.000 0.000 0.000 0.000
0.000 0.000 0.000 0.000 0.000 0.000 0.000 0.000
0.000 0.000 0.000 0.000 0.000 0.000 0.000 0.000
0.000 0.000 0.000 0.000 0.000 0.000 0.000 0.000
0.000 0.000 0.000 0.000 0.000 0.000 0.000 0.000
0.000 0.000 0.000 0.000 0.000 0.000 0.000 0.000
0.000 0.000 0.000 0.000 0.000 0.000 0.000 0.000
0.000 0.000 0.000 0.000 0.000 0.000 0.000 0.000
0.000 0.000 0.000 0.000 0.000 0.000 0.000 0.000
0.000 0.000 0.000 0.000 0.000 0.000 0.000 0.000
0.000 0.000 0.000 0.000 0.000 0.000 0.000 0.000
0.000 0.000 0.000 0.000 0.000 0.000 0.000 0.000
0.000 0.000 0.000 0.000 0.000 0.000 0.000 0.000
0.000 0.000 0.000 0.000 0.000 0.000 0.000 0.000
0.000 0.000 0.000 0.000 0.000 0.000 0.000 0.000
0.000 0.000 0.000 0.000 0.000 0.000 0.000 0.000
0.000 0.000 0.000 0.000 0.000 0.000 0.000 0.000
0.000 0.000 0.000 0.000 0.000 0.000 0.000 0.000
0.000 0.000 0.000 0.000 0.000 0.000 0.000 0.000
0.000 0.000 0.000 0.000 0.000 0.000 0.000 0.000
0.000 0.000 0.000 0.000 0.000 0.000 0.000 0.000
0.000 0.000 0.000 0.000 0.000 0.000 0.000 0.000
0.000 0.000 0.000 0.000 0.000 0.000 0.000 0.000
0.000 0.000 0.000 0.000 0.000 0.000 0.000 0.000
0.000 0.000 0.000 0.000 0.000 0.000 0.000 0.000
0.000 0.000 0.000 0.000 0.000 0.000 0.000 0.000
0.000 0.000 0.000 0.000 0.000 0.000 0.000 0.000
0.000 0.000 0.000 0.000 0.000 0.000 0.000 0.000
0.000 0.000 0.000 0.000 0.000 0.000 0.000 0.000
0.000 0.000 0.000 0.000 0.000 0.000 0.000 0.000
0.000 0.000 0.000 0.000 0.000 0.000 0.000 0.000
0.000 0.000 0.000 0.000 0.000 0.000 0.000 0.000
0.000 0.000 0.000 0.000 0.000 0.000 0.000 0.000
0.000 0.000 0.000 0.000 0.000 0.000 0.000 0.000
0.000 0.000 0.000 0.000 0.000 0.000 0.000 0.000
0.000 0.000 0.000 0.000 0.000 0.000 0.000 0.000
0.000 0.000 0.000 0.000 0.000 0.000 0.000 0.000
0.000 0.000 0.000 0.000 0.000 0.000 0.000 0.000
0.000 0.000 0.000 0.000 0.000 0.000 0.000 0.000
0.000 0.000 0.000 0.000 0.000 0.000 0.000 0.000
0.000 0.000 0.000 0.000 0.000 0.000 0.000 0.000
0.000 0.000 0.000 0.000 0.000 0.000 0.000 0.000
0.000 0.000 0.000 0.000 0.000 0.000 0.000 0.000
0.000 0.000 0.000 0.000 0.000 0.000 0.000 0.000
0.000 0.000 0.000 0.000 0.000 0.000 0.000 0.000
0.000 0.000 0.000 0.000 0.000 0.000 0.000 0.000
0.000 0.000 0.000 0.000 0.000 0.000 0.000 0.000
0.000 0.000 0.000 0.000 0.000 0.000 0.000 0.000
0.000 0.000 0.000 0.000 0.000 0.000 0.000 0.000
0.000 0.000 0.000 0.000 0.000 0.000 0.000 0.000
0.000 0.000 0.000 0.000 0.000 0.000 0.000 0.000
0.000 0.000 0.000 0.000 0.000 0.000 0.000 0.000
0.000 0.000 0.000 0.000 0.000 0.000 0.000 0.000
0.000 0.000 0.000 0.000 0.000 0.000 0.000 0.000
0.000 0.000 0.000 0.000 0.000 0.000 0.000 0.000
0.000 0.000 0.000 0.000 0.000 0.000 0.000 0.000
0.000 0.000 0.000 0.000 0.000 0.000 0.000 0.000
0.000 0.000 0.000 0.000 0.000 0.000 0.000 0.000
0.000 0.000 0.000 0.000 0.000 0.000 0.000 0.000
0.000 0.000 0.000 0.000 0.000 0.000 0.000 0.000
0.000 0.000 0.000 0.000 0.000 0.000 0.000 0.000
0.000 0.000 0.000 0.000 0.000 0.000 0.000 0.000
0.000 0.000 0.000 0.000 0.000 0.000 0.000 0.000
0.000 0.000 0.000 0.000 0.000 0.000 0.000 0.000
0.000 0.000 0.000 0.000 0.000 0.000 0.000 0.000
0.000 0.000 0.000 0.000 0.000 0.000 0.000 0.000
0.000 0.000 0.000 0.000 0.000 0.000 0.000 0.000
0.000 0.000 0.000 0.000 0.000 0.000 0.000 0.000
0.000 0.000 0.000 0.000 0.000 0.000 0.000 0.000
0.000 0.000 0.000 0.000 0.000 0.000 0.000 0.000
0.000 0.000 0.000 0.000 0.000 0.000 0.000 0.000
0.000 0.000 0.000 0.000 0.000 0.000 0.000 0.000
0.000 0.000 0.000 0.000 0.000 0.000 0.000 0.000
0.000 0.000 0.000 0.000 0.000 0.000 0.000 0.000
0.000 0.000 0.000 0.000 0.000 0.000 0.000 0.000
0.000 0.000 0.000 0.000 0.000 0.000 0.000 0.000
0.000 0.000 0.000 0.000 0.000 0.000 0.000 0.000
0.000 0.000 0.000 0.000 0.000 0.000 0.000 0.000
0.000 0.000 0.000 0.000 0.000 0.000 0.000 0.000
0.000 0.000 0.000 0.000 0.000 0.000 0.000 0.000
0.000 0.000 0.000 0.000 0.000 0.000 0.000 0.000
0.000 0.000 0.000 0.000 0.000 0.000 0.000 0.000
0.000 0.000 0.000 0.000 0.000 0.000 0.000 0.000
0.000 0.000 0.000 0.000 0.000 0.000 0.000 0.000
0.000 0.000 0.000 0.000 0.000 0.000 0.000 0.000
0.000 0.000 0.000 0.000 0.000 0.000 0.000 0.000
0.000 0.000 0.000 0.000 0.000 0.000 0.000 0.000
0.000 0.000 0.000 0.000 0.000 0.000 0.000 0.000
0.000 0.000 0.000 0.000 0.000 0.000 0.000 0.000
0.000 0.000 0.000 0.000 0.000 0.000 0.000 0.000
0.000 0.000 0.000 0.000 0.000 0.000 0.000 0.000
0.000 0.000 0.000 0.000 0.000 0.000 0.000 0.000
0.000 0.000 0.000 0.000 0.000 0.000 0.000 0.000
0.000 0.000 0.000 0.000 0.000 0.000 0.000 0.000
0.000 0.000 0.000 0.000 0.000 0.000 0.000 0.000
0.000 0.000 0.000 0.000 0.000 0.000 0.000 0.000
0.000 0.000 0.000 0.000 0.000 0.000 0.000 0.000
0.000 0.000 0.000 0.000 0.000 0.000 0.000 0.000
0.000 0.000 0.000 0.000 0.000 0.000 0.000 0.000
0.000 0.000 0.000 0.000 0.000 0.000 0.000 0.000
0.000 0.000 0.000 0.000 0.000 0.000 0.000 0.000
0.000 0.000 0.000 0.000 0.000 0.000 0.000 0.000
0.000 0.000 0.000 0.000 0.000 0.000 0.000 0.000
0.000 0.000 0.000 0.000 0.000 0.000 0.000 0.000
0.000 0.000 0.000 0.000 0.000 0.000 0.000 0.000
0.000 0.000 0.000 0.000 0.000 0.000 0.000 0.000
0.000 0.000 0.000 0.000 0.000 0.000 0.000 0.000
0.000 0.000 0.000 0.000 0.000 0.000 0.000 0.000
0.000 0.000 0.000 0.000 0.000 0.000 0.000 0.000
0.000 0.000 0.000 0.000 0.000 0.000 0.000 0.000
0.000 0.000 0.000 0.000 0.000 0.000 0.000 0.000
0.000 0.000 0.000 0.000 0.000 0.000 0.000 0.000
0.000 0.000 0.000 0.000 0.000 0.000 0.000 0.000
0.000 0.000 0.000 0.000 0.000 0.000 0.000 0.000
0.000 0.000 0.000 0.000 0.000 0.000 0.000 0.000
0.000 0.000 0.000 0.000 0.000 0.000 0.000 0.000
0.000 0.000 0.000 0.000 0.000 0.000 0.000 0.000
0.000 0.000 0.000 0.000 0.000 0.000 0.000 0.000
0.000 0.000 0.000 0.000 0.000 0.000 0.000 0.000
0.000 0.000 0.000 0.000 0.000 0.000 0.000 0.000
0.000 0.000 0.000 0.000 0.000 0.000 0.000 0.000
0.000 0.000 0.000 0.000 0.000 0.000 0.000 0.000
0.000 0.000 0.000 0.000 0.000 0.000 0.000 0.000
0.000 0.000 0.000 0.000 0.000 0.000 0.000 0.000
0.000 0.000 0.000 0.000 0.000 0.000 0.000 0.000
0.000 0.000 0.000 0.000 0.000 0.000 0.000 0.000
0.000 0.000 0.000 0.000 0.000 0.000 0.000 0.000
0.000 0.000 0.000 0.000 0.000 0.000 0.000 0.000
0.000 0.000 0.000 0.000 0.000 0.000 0.000 0.000
0.000 0.000 0.000 0.000 0.000 0.000 0.000 0.000
0.000 0.000 0.000 0.000 0.000 0.000 0.000 0.000
0.000 0.000 0.000 0.000 0.000 0.000 0.000 0.000
0.000 0.000 0.000 0.000 0.000 0.000 0.000 0.000
0.000 0.000 0.000 0.000 0.000 0.000 0.000 0.000
0.000 0.000 0.000 0.000 0.000 0.000 0.000 0.000
0.000 0.000 0.000 0.000 0.000 0.000 0.000 0.000
0.000 0.000 0.000 0.000 0.000 0.000 0.000 0.000
0.000 0.000 0.000 0.000 0.000 0.000 0.000 0.000
0.000 0.000 0.000 0.000 0.000 0.000 0.000 0.000
0.000 0.000 0.000 0.000 0.000 0.000 0.000 0.000
0.000 0.000 0.000 0.000 0.000 0.000 0.000 0.000
0.000 0.000 0.000 0.000 0.000 0.000 0.000 0.000
0.000 0.000 0.000 0.000 0.000 0.000 0.000 0.000
0.000 0.000 0.000 0.000 0.000 0.000 0.000 0.000
0.000 0.000 0.000 0.000 0.000 0.000 0.000 0.000
0.000 0.000 0.000 0.000 0.000 0.000 0.000 0.000
0.000 0.000 0.000 0.000 0.000 0.000 0.000 0.000
0.000 0.000 0.000 0.000 0.000 0.000 0.000 0.000
0.000 0.000 0.000 0.000 0.000 0.000 0.000 0.000
0.000 0.000 0.000 0.000 0.000 0.000 0.000 0.000
0.000 0.000 0.000 0.000 0.000 0.000 0.000 0.000
0.000 0.000 0.000 0.000 0.000 0.000 0.000 0.000
0.000 0.000 0.000 0.000 0.000 0.000 0.000 0.000
0.000 0.000 0.000 0.000 0.000 0.000 0.000 0.000
0.000 0.000 0.000 0.000 0.000 0.000 0.000 0.000
0.000 0.000 0.000 0.000 0.000 0.000 0.000 0.000
0.000 0.000 0.000 0.000 0.000 0.000 0.000 0.000
0.000 0.000 0.000 0.000 0.000 0.000 0.000 0.000
0.000 0.000 0.000 0.000 0.000 0.000 0.000 0.000
0.000 0.000 0.000 0.000 0.000 0.000 0.000 0.000
0.000 0.000 0.000 0.000 0.000 0.000 0.000 0.000
0.000 0.000 0.000 0.000 0.000 0.000 0.000 0.000
0.000 0.000 0.000 0.000 0.000 0.000 0.000 0.000
0.000 0.000 0.000 0.000 0.000 0.000 0.000 0.000
0.000 0.000 0.000 0.000 0.000 0.000 0.000 0.000
0.000 0.000 0.000 0.000 0.000 0.000 0.000 0.000
0.000 0.000 0.000 0.000 0.000 0.000 0.000 0.000
0.000 0.000 0.000 0.000 0.000 0.000 0.000 0.000
0.000 0.000 0.000 0.000 0.000 0.000 0.000 0.000
0.000 0.000 0.000 0.000 0.000 0.000 0.000 0.000
0.000 0.000 0.000 0.000 0.000 0.000 0.000 0.000
0.000 0.000 0.000 0.000 0.000 0.000 0.000 0.000
0.000 0.000 0.000 0.000 0.000 0.000 0.000 0.000
0.000 0.000 0.000 0.000 0.000 0.000 0.000 0.000
0.000 0.000 0.000 0.000 0.000 0.000 0.000 0.000
0.000 0.000 0.000 0.000 0.000 0.000 0.000 0.000
0.000 0.000 0.000 0.000 0.000 0.000 0.000 0.000
0.000 0.000 0.000 0.000 0.000 0.000 0.000 0.000
0.000 0.000 0.000 0.000 0.000 0.000 0.000 0.000
0.000 0.000 0.000 0.000 0.000 0.000 0.000 0.000
0.000 0.000 0.000 0.000 0.000 0.000 0.000 0.000
0.000 0.000 0.000 0.000 0.000 0.000 0.000 0.000
0.000 0.000 0.000 0.000 0.000 0.000 0.000 0.000
0.000 0.000 0.000 0.000 0.000 0.000 0.000 0.000
0.000 0.000 0.000 0.000 0.000 0.000 0.000 0.000
0.000 0.000 0.000 0.000 0.000 0.000 0.000 0.000
0.000 0.000 0.000 0.000 0.000 0.000 0.000 0.000
0.000 0.000 0.000 0.000 0.000 0.000 0.000 0.000
0.000 0.000 0.000 0.000 0.000 0.000 0.000 0.000
0.000 0.000 0.000 0.000 0.000 0.000 0.000 0.000
0.000 0.000 0.000 0.000 0.000 0.000 0.000 0.000
0.000 0.000 0.000 0.000 0.000 0.000 0.000 0.000
0.000 0.000 0.000 0.000 0.000 0.000 0.000 0.000
0.000 0.000 0.000 0.000 0.000 0.000 0.000 0.000
0.000 0.000 0.000 0.000 0.000 0.000 0.000 0.000
0.000 0.000 0.000 0.000 0.000 0.000 0.000 0.000
0.000 0.000 0.000 0.000 0.000 0.000 0.000 0.000
0.000 0.000 0.000 0.000 0.000 0.000 0.000 0.000
0.000 0.000 0.000 0.000 0.000 0.000 0.000 0.000
0.000 0.000 0.000 0.000 0.000 0.000 0.000 0.000
0.000 0.000 0.000 0.000 0.000 0.000 0.000 0.000
0.000 0.000 0.000 0.000 0.000 0.000 0.000 0.000
0.000 0.000 0.000 0.000 0.000 0.000 0.000 0.000
0.000 0.000 0.000 0.000 0.000 0.000 0.000 0.000
0.000 0.000 0.000 0.000 0.000 0.000 0.000 0.000
0.000 0.000 0.000 0.000 0.000 0.000 0.000 0.000
0.000 0.000 0.000 0.000 0.000 0.000 0.000 0.000
0.000 0.000 0.000 0.000 0.000 0.000 0.000 0.000
0.000 0.000 0.000 0.000 0.000 0.000 0.000 0.000
0.000 0.000 0.000 0.000 0.000 0.000 0.000 0.000
0.000 0.000 0.000 0.000 0.000 0.000 0.000 0.000
0.000 0.000 0.000 0.000 0.000 0.000 0.000 0.000
0.000 0.000 0.000 0.000 0.000 0.000 0.000 0.000
0.000 0.000 0.000 0.000 0.000 0.000 0.000 0.000
0.000 0.000 0.000 0.000 0.000 0.000 0.000 0.000
0.000 0.000 0.000 0.000 0.000 0.000 0.000 0.000
0.000 0.000 0.000 0.000 0.000 0.000 0.000 0.000
0.000 0.000 0.000 0.000 0.000 0.000 0.000 0.000
0.000 0.000 0.000 0.000 0.000 0.000 0.000 0.000
0.000 0.000 0.000 0.000 0.000 0.000 0.000 0.000
0.000 0.000 0.000 0.000 0.000 0.000 0.000 0.000
0.000 0.000 0.000 0.000 0.000 0.000 0.000 0.000
0.000 0.000 0.000 0.000 0.000 0.000 0.000 0.000
0.000 0.000 0.000 0.000 0.000 0.000 0.000 0.000
0.000 0.000 0.000 0.000 0.000 0.000 0.000 0.000
0.000 0.000 0.000 0.000 0.000 0.000 0.000 0.000
0.000 0.000 0.000 0.000 0.000 0.000 0.000 0.000
0.000 0.000 0.000 0.000 0.000 0.000 0.000 0.000
0.000 0.000 0.000 0.000 0.000 0.000 0.000 0.000
0.000 0.000 0.000 0.000 0.000 0.000 0.000 0.000
0.000 0.000 0.000 0.000 0.000 0.000 0.000 0.000
0.000 0.000 0.000 0.000 0.000 0.000 0.000 0.000
0.000 0.000 0.000 0.000 0.000 0.000 0.000 0.000
0.000 0.000 0.000 0.000 0.000 0.000 0.000 0.000
0.000 0.000 0.000 0.000 0.000 0.000 0.000 0.000
0.000 0.000 0.000 0.000 0.000 0.000 0.000 0.000
0.000 0.000 0.000 0.000 0.000 0.000 0.000 0.000
0.000 0.000 0.000 0.000 0.000 0.000 0.000 0.000
0.000 0.000 0.000 0.000 0.000 0.000 0.000 0.000
0.000 0.000 0.000 0.000 0.000 0.000 0.000 0.000
0.000 0.000 0.000 0.000 0.000 0.000 0.000 0.000
0.000 0.000 0.000 0.000 0.000 0.000 0.000 0.000
0.000 0.000 0.000 0.000 0.000 0.000 0.000 0.000
0.000 0.000 0.000 0.000 0.000 0.000 0.000 0.000
0.000 0.000 0.000 0.000 0.000 0.000 0.000 0.000
0.000 0.000 0.000 0.000 0.000 0.000 0.000 0.000
0.000 0.000 0.000 0.000 0.000 0.000 0.000 0.000
0.000 0.000 0.000 0.000 0.000 0.000 0.000 0.000
0.000 0.000 0.000 0.000 0.000 0.000 0.000 0.000
0.000 0.000 0.000 0.000 0.000 0.000 0.000 0.000
0.000 0.000 0.000 0.000 0.000 0.000 0.000 0.000
0.000 0.000 0.000 0.000 0.000 0.000 0.000 0.000
0.000 0.000 0.000 0.000 0.000 0.000 0.000 0.000
0.000 0.000 0.000 0.000 0.000 0.000 0.000 0.000
0.000 0.000 0.000 0.000 0.000 0.000 0.000 0.000
0.000 0.000 0.000 0.000 0.000 0.000 0.000 0.000
0.000 0.000 0.000 0.000 0.000 0.000 0.000 0.000
0.000 0.000 0.000 0.000 0.000 0.000 0.000 0.000
0.000 0.000 0.000 0.000 0.000 0.000 0.000 0.000
0.000 0.000 0.000 0.000 0.000 0.000 0.000 0.000
0.000 0.000 0.000 0.000 0.000 0.000 0.000 0.000
0.000 0.000 0.000 0.000 0.000 0.000 0.000 0.000
0.000 0.000 0.000 0.000 0.000 0.000 0.000 0.000
0.000 0.000 0.000 0.000 0.000 0.000 0.000 0.000
0.000 0.000 0.000 0.000 0.000 0.000 0.000 0.000
0.000 0.000 0.000 0.000 0.000 0.000 0.000 0.000
0.000 0.000 0.000 0.000 0.000 0.000 0.000 0.000
0.000 0.000 0.000 0.000 0.000 0.000 0.000 0.000
0.000 0.000 0.000 0.000 0.000 0.000 0.000 0.000
0.000 0.000 0.000 0.000 0.000 0.000 0.000 0.000
0.000 0.000 0.000 0.000 0.000 0.000 0.000 0.000
0.000 0.000 0.000 0.000 0.000 0.000 0.000 0.000
0.000 0.000 0.000 0.000 0.000 0.000 0.000 0.000
0.000 0.000 0.000 0.000 0.000 0.000 0.000 0.000
0.000 0.000 0.000 0.000 0.000 0.000 0.000 0.000
0.000 0.000 0.000 0.000 0.000 0.000 0.000 0.000
0.000 0.000 0.000 0.000 0.000 0.000 0.000 0.000
0.000 0.000 0.000 0.000 0.000 0.000 0.000 0.000
0.000 0.000 0.000 0.000 0.000 0.000 0.000 0.000
0.000 0.000 0.000 0.000 0.000 0.000 0.000 0.000
0.000 0.000 0.000 0.000 0.000 0.000 0.000 0.000
0.000 0.000 0.000 0.000 0.000 0.000 0.000 0.000
0.000 0.000 0.000 0.000 0.000 0.000 0.000 0.000
0.000 0.000 0.000 0.000 0.000 0.000 0.000 0.000
0.000 0.000 0.000 0.000 0.000 0.000 0.000 0.000
0.000 0.000 0.000 0.000 0.000 0.000 0.000 0.000
0.000 0.000 0.000 0.000 0.000 0.000 0.000 0.000
0.000 0.000 0.000 0.000 0.000 0.000 0.000 0.000
0.000 0.000 0.000 0.000 0.000 0.000 0.000 0.000
0.000 0.000 0.000 0.000 0.000 0.000 0.000 0.000
0.000 0.000 0.000 0.000 0.000 0.000 0.000 0.000
0.000 0.000 0.000 0.000 0.000 0.000 0.000 0.000
0.000 0.000 0.000 0.000 0.000 0.000 0.000 0.000
0.000 0.000 0.000 0.000 0.000 0.000 0.000 0.000
0.000 0.000 0.000 0.000 0.000 0.000 0.000 0.000
0.000 0.000 0.000 0.000 0.000 0.000 0.000 0.000
0.000 0.000 0.000 0.000 0.000 0.000 0.000 0.000
0.000 0.000 0.000 0.000 0.000 0.000 0.000 0.000
0.000 0.000 0.000 0.000 0.000 0.000 0.000 0.000
0.000 0.000 0.000 0.000 0.000 0.000 0.000 0.000
0.000 0.000 0.000 0.000 0.000 0.000 0.000 0.000
0.000 0.000 0.000 0.000 0.000 0.000 0.000 0.000
0.000 0.000 0.000 0.000 0.000 0.000 0.000 0.000
0.000 0.000 0.000 0.000 0.000 0.000 0.000 0.000
0.000 0.000 0.000 0.000 0.000 0.000 0.000 0.000
0.000 0.000 0.000 0.000 0.000 0.000 0.000 0.000
0.000 0.000 0.000 0.000 0.000 0.000 0.000 0.000
0.000 0.000 0.000 0.000 0.000 0.000 0.000 0.000
0.000 0.000 0.000 0.000 0.000 0.000 0.000 0.000
0.000 0.000 0.000 0.000 0.000 0.000 0.000 0.000
0.000 0.000 0.000 0.000 0.000 0.000 0.000 0.000
0.000 0.000 0.000 0.000 0.000 0.000 0.000 0.000
