-1.000 -1.000 -1.000 -1.000 -1.000 -1.000 0.000 0.000
-1.000 -1.000 -1.000 -1.000 -1.000 -1.000 0.000 0.000
-1.000 -1.000 -1.000 -1.000 -1.000 -1.000 0.000 0.000
-1.000 -1.000 -1.000 -1.000 -1.000 -1.000 0.000 0.000
-1.000 -1.000 -1.000 -1.000 -1.000 -1.000 0.000 0.000
-1.000 -1.000 -1.000 -1.000 -1.000 -1.000 0.000 0.000
-1.000 -1.000 -1.000 -1.000 -1.000 -1.000 0.000 0.000
-1.000 -1.000 -1.000 -1.000 -1.000 -1.000 0.000 0.000
-1.000 -1.000 -1.000 -1.000 -1.000 -1.000 0.000 0.000
-1.000 -1.000 5354.509 -1.000 -1.000 -1.000 0.000 0.000
5339.087 5366.886 6579.964 -1.000 5470.121 -1.000 0.000 0.000
6708.343 6736.353 8327.394 5283.754 6764.151 -1.000 0.000 0.000
8811.365 9334.925 10958.991 6760.480 8922.013 5638.355 0.000 0.000
12435.546 19026.254 18298.714 10364.003 12104.559 7544.733 0.000 0.000
16459.271 21000.000 21000.000 15796.739 19219.419 10341.090 0.000 0.000
21000.000 3415.099 3832.065 21000.000 21000.000 17135.720 0.000 0.000
3836.055 3415.099 3832.065 3284.820 3988.078 21000.000 0.000 0.000
3836.055 3415.099 3832.065 3284.820 3988.078 3414.818 0.000 0.000
3836.055 3415.099 3832.065 3284.820 3988.078 3414.818 0.000 0.000
3836.055 3415.099 3832.065 3284.820 3988.078 3414.818 0.000 0.000
3836.055 20760.369 14811.829 16248.639 3988.078 3414.818 0.000 0.000
12340.486 4455.815 4490.851 4062.649 12451.630 3414.818 0.000 0.000
10068.837 21000.000 4490.851 18886.558 15073.597 11826.483 0.000 0.000
9487.941 5448.466 4490.851 15657.144 14422.628 21000.000 0.000 0.000
14970.864 21000.000 4490.851 21000.000 14715.546 21000.000 0.000 0.000
17534.019 21000.000 4490.851 6518.724 18415.170 21000.000 0.000 0.000
19749.009 7258.665 5975.561 6518.724 14922.701 6813.225 0.000 0.000
7101.843 7258.665 4579.934 6518.724 7438.564 6813.225 0.000 0.000
7101.843 7258.665 4579.934 6518.724 7438.564 6813.225 0.000 0.000
7101.843 21000.000 4579.934 21000.000 7438.564 6813.225 0.000 0.000
14260.509 8083.145 4579.934 7387.601 7438.564 6813.225 0.000 0.000
8797.030 8083.145 4579.934 21000.000 7438.564 6813.225 0.000 0.000
11207.857 8083.145 4579.934 9644.958 7438.564 6813.225 0.000 0.000
7823.336 8083.145 4579.934 21000.000 7438.564 6813.225 0.000 0.000
9711.653 8083.145 4579.934 9053.334 7438.564 6813.225 0.000 0.000
14387.911 8083.145 4579.934 13918.714 7438.564 15812.509 0.000 0.000
11834.800 8083.145 4579.934 18446.482 7438.564 7353.182 0.000 0.000
11384.928 21000.000 4579.934 9891.331 7438.564 21000.000 0.000 0.000
11034.234 21000.000 4579.934 15304.099 7438.564 21000.000 0.000 0.000
8845.139 21000.000 4579.934 10216.097 7438.564 8941.672 0.000 0.000
8845.139 21000.000 4579.934 17097.843 7438.564 21000.000 0.000 0.000
8845.139 10915.179 4579.934 10629.002 7438.564 9665.171 0.000 0.000
8845.139 10915.179 4579.934 10629.002 12143.239 21000.000 0.000 0.000
8845.139 10915.179 4579.934 10629.002 7720.844 10345.261 0.000 0.000
8845.139 10915.179 4579.934 10629.002 18786.130 10345.261 0.000 0.000
8845.139 10915.179 5321.264 10629.002 16400.622 21000.000 0.000 0.000
8845.139 10915.179 4624.413 10629.002 8865.713 10984.545 0.000 0.000
8845.139 21000.000 6969.461 10629.002 14670.456 10984.545 0.000 0.000
8845.139 21000.000 7474.763 10629.002 9213.998 10984.545 0.000 0.000
8845.139 21000.000 4927.695 10629.002 18130.763 10984.545 0.000 0.000
8845.139 21000.000 10997.950 10629.002 9749.004 10984.545 0.000 0.000
8845.139 21000.000 5291.910 10629.002 17329.522 10984.545 0.000 0.000
8845.139 21000.000 11942.076 10629.002 21000.000 10984.545 0.000 0.000
9867.316 14042.787 5690.920 10629.002 21000.000 10984.545 0.000 0.000
8906.470 21000.000 11922.851 10629.002 19873.807 10984.545 0.000 0.000
8906.470 14460.219 15399.855 10629.002 15881.182 10984.545 0.000 0.000
8906.470 21000.000 0.000 10629.002 12200.259 10984.545 0.000 0.000
8906.470 14852.606 20824.975 10629.002 12200.259 10984.545 0.000 0.000
8906.470 21000.000 13424.796 10629.002 12200.259 10984.545 0.000 0.000
8906.470 15221.450 21000.000 10629.002 12200.259 21000.000 0.000 0.000
8906.470 21000.000 8293.628 10629.002 12200.259 11585.473 0.000 0.000
8906.470 17205.621 17935.459 10629.002 12200.259 21000.000 0.000 0.000
8906.470 21000.000 21000.000 10629.002 12200.259 12150.344 0.000 0.000
8906.470 21000.000 9599.810 10629.002 14191.842 21000.000 0.000 0.000
8906.470 16287.240 9599.810 10629.002 12319.754 21000.000 0.000 0.000
8906.470 21000.000 9599.810 10629.002 12319.754 21000.000 0.000 0.000
8906.470 16570.006 10101.479 10629.002 18384.639 21000.000 10.000 0.000
8906.470 16570.006 9649.977 10629.002 21000.000 14384.656 10.000 0.000
8906.470 16570.006 21000.000 10629.002 21000.000 21000.000 7.567 0.000
8906.470 21000.000 0.000 10629.002 14460.256 15046.190 2.012 0.000
8906.470 17013.005 20435.172 10629.002 14460.256 15046.190 0.987 0.000
8906.470 21000.000 10779.350 10629.002 14460.256 15046.190 4.301 0.000
8906.470 17411.705 21000.000 10629.002 14460.256 15046.190 2.378 0.000
8906.470 21000.000 20050.078 10629.002 14460.256 15046.190 1.293 0.000
8906.470 17770.534 12626.282 10629.002 14460.256 15046.190 4.883 0.000
8906.470 21000.000 21000.000 10629.002 14460.256 15046.190 1.738 0.000
8906.470 21000.000 13463.653 10629.002 14460.256 21000.000 0.000 0.000
8906.470 21000.000 21000.000 10629.002 14460.256 21000.000 0.000 0.000
8906.470 21000.000 14217.288 10629.002 14460.256 16177.414 0.000 0.000
8906.470 21000.000 14217.288 10629.002 14460.256 16177.414 0.000 0.000
8906.470 21000.000 21000.000 10629.002 14460.256 16177.414 0.000 0.000
8906.470 21000.000 14895.559 10629.002 14460.256 16177.414 0.000 0.000
8906.470 21000.000 21000.000 10629.002 14460.256 16177.414 0.000 0.000
8906.470 19609.821 15506.003 10629.002 14460.256 16177.414 0.000 0.000
8906.470 21000.000 21000.000 17145.420 14460.256 16177.414 0.000 0.000
8906.470 19748.839 21000.000 11280.643 14460.256 16177.414 0.754 0.000
8906.470 21000.000 21000.000 11280.643 14460.256 16177.414 1.563 0.000
8906.470 19873.955 21000.000 11280.643 14460.256 16177.414 2.196 0.000
8906.470 21000.000 21000.000 11280.643 14460.256 16177.414 2.398 0.000
21000.000 21000.000 21000.000 21000.000 21000.000 21000.000 10.000 0.000
10115.823 20087.903 0.000 12252.579 15114.231 16659.673 0.000 0.000
10115.823 20087.903 0.000 12252.579 15114.231 16659.673 0.000 0.000
10115.823 20087.903 0.000 12252.579 15114.231 16659.673 1.158 0.000
0.000 20087.903 0.000 12252.579 15114.231 16659.673 2.925 0.000
0.000 20087.903 0.000 12252.579 15114.231 16659.673 2.415 0.000
0.000 20087.903 0.000 12252.579 15114.231 16659.673 2.325 0.000
0.000 20087.903 0.000 12252.579 15114.231 16659.673 2.597 0.000
0.000 20087.903 0.000 12252.579 15114.231 16659.673 2.391 0.000
0.000 20087.903 0.000 21000.000 15114.231 16659.673 2.556 0.000
0.000 20087.903 -1.000 21000.000 15114.231 16659.673 2.714 0.000
-1.000 0.000 -1.000 13914.589 15114.231 0.000 2.575 0.000
-1.000 0.000 -1.000 13914.589 15114.231 0.000 2.076 0.000
-1.000 0.000 -1.000 13914.589 15114.231 0.000 2.502 0.000
-1.000 0.000 -1.000 13914.589 15114.231 0.000 2.598 0.000
-1.000 0.000 -1.000 21000.000 15114.231 0.000 2.253 0.000
-1.000 0.000 -1.000 21000.000 15114.231 0.000 0.000 0.000
-1.000 0.000 -1.000 21000.000 15114.231 0.000 0.672 0.000
-1.000 -1.000 -1.000 21000.000 15114.231 -1.000 1.996 0.000
-1.000 -1.000 -1.000 21000.000 15114.231 -1.000 1.321 0.000
-1.000 -1.000 -1.000 21000.000 0.000 -1.000 1.578 0.000
-1.000 -1.000 -1.000 17234.522 0.000 -1.000 2.428 0.000
-1.000 -1.000 -1.000 17234.522 0.000 -1.000 1.919 0.000
-1.000 -1.000 -1.000 17234.522 0.000 -1.000 1.586 0.000
-1.000 -1.000 -1.000 17234.522 0.000 -1.000 2.241 0.000
-1.000 -1.000 -1.000 21000.000 0.000 -1.000 1.651 0.000
-1.000 -1.000 -1.000 17611.070 0.000 -1.000 2.163 0.000
-1.000 -1.000 -1.000 21000.000 -1.000 -1.000 1.760 0.000
-1.000 -1.000 -1.000 21000.000 -1.000 -1.000 2.280 0.000
-1.000 -1.000 -1.000 21000.000 -1.000 -1.000 1.707 0.000
-1.000 -1.000 -1.000 21000.000 -1.000 -1.000 2.050 0.000
-1.000 -1.000 -1.000 18776.523 -1.000 -1.000 1.805 0.000
-1.000 -1.000 -1.000 21000.000 -1.000 -1.000 1.532 0.000
-1.000 -1.000 -1.000 21000.000 -1.000 -1.000 2.355 0.000
-1.000 -1.000 -1.000 19198.984 -1.000 -1.000 1.176 0.000
-1.000 -1.000 -1.000 19198.984 -1.000 -1.000 2.236 0.000
10403.971 -1.000 -1.000 19198.984 -1.000 -1.000 1.566 0.000
14902.415 -1.000 -1.000 21000.000 -1.000 -1.000 1.977 0.000
18052.094 -1.000 -1.000 19379.085 -1.000 -1.000 1.778 0.000
21000.000 -1.000 -1.000 19379.085 -1.000 -1.000 1.786 0.000
8864.686 -1.000 -1.000 19379.085 -1.000 -1.000 2.187 0.000
8864.686 -1.000 -1.000 21000.000 -1.000 -1.000 1.738 0.000
8864.686 -1.000 -1.000 21000.000 -1.000 -1.000 1.921 0.000
8864.686 -1.000 -1.000 19687.059 -1.000 -1.000 1.878 0.000
8864.686 -1.000 -1.000 21000.000 -1.000 -1.000 1.569 0.000
8864.686 -1.000 -1.000 21000.000 -1.000 -1.000 1.777 0.000
21000.000 -1.000 -1.000 21000.000 -1.000 -1.000 1.850 0.000
21000.000 14696.552 -1.000 20042.866 -1.000 -1.000 1.852 0.000
21000.000 16966.787 -1.000 20042.866 -1.000 -1.000 1.558 0.000
21000.000 20093.182 -1.000 21000.000 9174.962 -1.000 2.079 0.000
21000.000 21000.000 -1.000 21000.000 11489.472 -1.000 1.879 0.000
21000.000 21000.000 -1.000 20224.722 11599.289 -1.000 1.761 0.000
14550.797 21000.000 -1.000 20224.722 13064.049 -1.000 1.563 0.000
14550.797 21000.000 -1.000 21000.000 14319.306 -1.000 1.830 0.000
14550.797 21000.000 -1.000 21000.000 15746.663 -1.000 1.539 0.000
21000.000 15526.730 -1.000 20372.024 15854.246 -1.000 2.252 0.000
21000.000 21000.000 -1.000 20372.024 17251.405 -1.000 1.290 0.000
21000.000 21000.000 -1.000 21000.000 16820.973 -1.000 2.148 0.000
21000.000 21000.000 -1.000 20434.822 16235.395 -1.000 1.410 0.000
21000.000 21000.000 -1.000 20434.822 12406.427 -1.000 1.529 0.000
21000.000 21000.000 -1.000 20434.822 12527.370 -1.000 1.641 0.000
21000.000 21000.000 -1.000 20434.822 12242.390 -1.000 1.529 0.000
21000.000 21000.000 -1.000 20434.822 12242.390 -1.000 1.965 0.000
21000.000 21000.000 -1.000 20434.822 12242.390 -1.000 1.886 0.000
21000.000 21000.000 -1.000 20434.822 12242.390 -1.000 1.642 0.000
21000.000 21000.000 -1.000 20434.822 12242.390 -1.000 2.005 0.000
21000.000 21000.000 -1.000 20434.822 12242.390 -1.000 1.827 0.000
21000.000 21000.000 -1.000 20434.822 0.000 -1.000 1.537 0.000
21000.000 21000.000 -1.000 20434.822 11018.151 15699.692 1.795 0.000
21000.000 21000.000 -1.000 20434.822 11018.151 20754.953 1.536 0.000
21000.000 21000.000 -1.000 20434.822 0.000 21000.000 1.524 0.000
21000.000 21000.000 -1.000 20434.822 9916.336 21000.000 2.173 0.000
19924.455 21000.000 -1.000 20434.822 0.000 21000.000 1.861 0.000
21000.000 21000.000 -1.000 20434.822 10219.672 12939.276 1.789 0.000
21000.000 21000.000 -1.000 20434.822 10289.909 12939.276 1.595 0.000
20128.808 21000.000 -1.000 20434.822 0.000 12939.276 2.027 0.000
21000.000 21000.000 -1.000 20434.822 9497.934 12939.276 1.854 0.000
20215.927 21000.000 -1.000 20434.822 8829.978 12939.276 1.475 0.000
21000.000 21000.000 -1.000 20434.822 9824.710 12939.276 2.205 0.000
20294.335 21000.000 -1.000 20434.822 8568.037 0.000 1.624 0.000
20294.335 21000.000 -1.000 20434.822 0.000 0.000 1.503 0.000
20294.335 21000.000 -1.000 21000.000 8124.256 0.000 2.081 0.000
20294.335 21000.000 -1.000 20491.340 7752.535 0.000 2.133 0.000
20294.335 21000.000 -1.000 20491.340 0.000 0.000 1.641 0.000
20294.335 21000.000 -1.000 20491.340 7191.940 0.000 1.596 0.000
20294.335 20742.202 -1.000 21000.000 6998.748 0.000 2.219 0.000
20294.335 20742.202 -1.000 20542.206 -1.000 -1.000 1.436 0.000
21000.000 21000.000 -1.000 20542.206 6998.748 -1.000 1.896 0.000
21000.000 21000.000 -1.000 20542.206 7355.826 -1.000 1.781 0.000
21000.000 20791.184 -1.000 20542.206 0.000 -1.000 2.302 0.000
21000.000 21000.000 -1.000 20542.206 6363.786 -1.000 1.558 0.000
20537.013 21000.000 -1.000 21000.000 6849.808 -1.000 1.802 0.000
20537.013 21000.000 -1.000 20587.985 7603.701 -1.000 1.375 0.000
21000.000 20847.773 -1.000 20587.985 8504.138 -1.000 2.516 0.000
20583.312 20847.773 -1.000 20587.985 8392.988 -1.000 1.654 0.000
20583.312 20847.773 -1.000 20587.985 11047.756 -1.000 1.990 0.000
20583.312 20847.773 -1.000 20587.985 11958.171 -1.000 1.588 0.000
21000.000 20847.773 -1.000 20587.985 12221.882 -1.000 1.428 0.000
20624.981 20847.773 -1.000 21000.000 10939.816 -1.000 2.263 0.000
20624.981 20847.773 -1.000 20629.187 11084.989 -1.000 1.584 0.000
21000.000 20847.773 -1.000 20629.187 10708.927 -1.000 1.790 0.000
20662.482 20847.773 -1.000 20629.187 8946.904 -1.000 1.363 0.000
20662.482 20847.773 -1.000 20629.187 8937.706 -1.000 2.261 0.000
20662.482 20847.773 -1.000 20629.187 8937.706 -1.000 1.912 0.000
20662.482 20847.773 -1.000 20629.187 8937.706 -1.000 1.745 0.000
20662.482 20847.773 -1.000 21000.000 8937.706 -1.000 1.667 0.000
20662.482 20847.773 -1.000 21000.000 8937.706 -1.000 2.024 0.000
20662.482 20847.773 -1.000 21000.000 8937.706 -1.000 1.582 0.000
20662.482 20847.773 -1.000 20729.677 10161.140 -1.000 1.934 0.000
20662.482 20847.773 -1.000 20729.677 10623.249 -1.000 1.559 0.000
20662.482 20847.773 -1.000 20729.677 13190.427 -1.000 1.948 0.000
20662.482 20847.773 -1.000 20729.677 11747.971 -1.000 1.830 0.000
20662.482 20847.773 -1.000 20729.677 10964.846 -1.000 1.740 0.000
21000.000 20847.773 -1.000 20729.677 12982.470 -1.000 2.221 0.000
20696.234 20847.773 -1.000 20729.677 10469.812 -1.000 1.687 0.000
21000.000 20847.773 -1.000 20729.677 10339.995 14059.608 1.525 0.000
20726.611 20847.773 -1.000 20729.677 10274.822 19610.599 1.360 0.000
20726.611 20847.773 -1.000 20729.677 10274.822 21000.000 2.010 0.000
20726.611 20847.773 -1.000 20729.677 10274.822 21000.000 1.541 0.000
20726.611 20847.773 -1.000 20729.677 19367.945 10663.886 2.067 0.000
20726.611 20847.773 -1.000 20729.677 21000.000 10663.886 1.680 0.000
20726.611 20847.773 -1.000 20729.677 21000.000 10663.886 1.505 0.000
20726.611 21000.000 -1.000 20729.677 21000.000 10663.886 2.119 0.000
20726.611 21000.000 -1.000 20729.677 21000.000 10663.886 1.778 0.000
20726.611 21000.000 -1.000 20729.677 21000.000 21000.000 1.746 0.000
20726.611 21000.000 -1.000 20729.677 15203.830 21000.000 2.064 0.000
20726.611 21000.000 -1.000 20729.677 15203.830 21000.000 1.652 0.000
20726.611 21000.000 -1.000 20729.677 15203.830 21000.000 1.745 0.000
20726.611 21000.000 -1.000 20729.677 15203.830 21000.000 1.594 0.000
20726.611 21000.000 -1.000 0.000 15203.830 21000.000 1.535 0.000
20726.611 21000.000 -1.000 0.000 15203.830 21000.000 1.360 0.000
20726.611 21000.000 -1.000 16791.038 15203.830 21000.000 1.542 0.000
20726.611 20946.922 -1.000 17123.265 15203.830 21000.000 0.689 0.000
20726.611 21000.000 -1.000 21000.000 15203.830 21000.000 0.665 0.000
-1.000 -1.000 -1.000 -1.000 -1.000 -1.000 0.000 0.000
-1.000 -1.000 -1.000 -1.000 -1.000 -1.000 0.000 0.000
-1.000 -1.000 -1.000 -1.000 -1.000 -1.000 0.000 0.000
-1.000 -1.000 -1.000 -1.000 -1.000 -1.000 0.000 0.000
-1.000 -1.000 -1.000 -1.000 -1.000 -1.000 0.000 0.000
-1.000 -1.000 -1.000 -1.000 -1.000 -1.000 0.000 0.000
-1.000 17558.397 -1.000 -1.000 -1.000 -1.000 0.000 0.000
-1.000 21000.000 -1.000 -1.000 -1.000 -1.000 0.000 0.000
-1.000 -1.000 -1.000 -1.000 -1.000 -1.000 0.000 0.000
-1.000 -1.000 -1.000 -1.000 -1.000 -1.000 0.000 0.000
-1.000 -1.000 -1.000 -1.000 -1.000 -1.000 0.000 0.000
-1.000 -1.000 -1.000 -1.000 -1.000 -1.000 0.000 0.000
-1.000 21000.000 -1.000 -1.000 -1.000 -1.000 0.000 0.000
-1.000 21000.000 -1.000 -1.000 -1.000 -1.000 0.000 0.000
-1.000 47401.158 -1.000 -1.000 -1.000 19608.529 0.000 0.000
-1.000 69713.607 -1.000 -1.000 -1.000 28410.665 0.000 0.000
-1.000 15138.084 -1.000 -1.000 -1.000 43807.126 0.000 0.000
-1.000 15138.084 -1.000 -1.000 -1.000 62818.036 0.000 0.000
-1.000 15138.084 -1.000 -1.000 -1.000 13669.278 0.000 0.000
-1.000 15138.084 -1.000 18461.735 -1.000 13669.278 0.000 0.000
-1.000 15138.084 -1.000 28580.104 -1.000 13669.278 0.000 0.000
-1.000 15138.084 -1.000 47511.387 -1.000 13669.278 0.000 0.000
-1.000 43849.912 -1.000 72435.864 -1.000 13669.278 0.000 0.000
-1.000 70726.142 -1.000 15180.460 -1.000 13669.278 0.000 0.000
-1.000 80000.000 -1.000 15180.460 -1.000 35687.342 0.000 0.000
-1.000 28952.859 -1.000 15180.460 -1.000 37454.602 0.000 0.000
-1.000 28952.859 -1.000 15180.460 18509.306 41639.653 0.000 0.000
-1.000 28952.859 -1.000 15180.460 27742.070 41224.796 1.071 0.000
-1.000 28952.859 -1.000 15180.460 51229.714 45455.170 2.811 0.000
-1.000 28952.859 -1.000 15180.460 80000.000 24772.020 2.073 0.000
-1.000 28952.859 -1.000 42387.382 16207.110 24772.020 1.705 0.000
-1.000 28952.859 -1.000 44305.000 16207.110 24772.020 1.683 0.000
18773.631 80000.000 -1.000 58164.929 16207.110 24772.020 1.312 0.000
28350.049 80000.000 -1.000 45656.847 16207.110 32192.326 1.648 0.000
45651.119 67302.933 18641.574 26439.173 16207.110 35122.627 1.259 0.000
73413.569 70755.679 27854.479 26439.173 16207.110 32342.022 1.496 0.000
15114.909 44440.803 46827.625 26439.173 16207.110 27061.619 1.467 0.000
15114.909 44440.803 80000.000 26439.173 39023.014 27061.619 1.340 0.000
15114.909 53204.131 15829.670 26439.173 33110.659 27061.619 1.858 0.000
15114.909 45317.136 15829.670 26439.173 43654.047 27061.619 1.628 0.000
15114.909 45317.136 15829.670 26439.173 27249.666 27061.619 1.471 0.000
15114.909 59134.292 15829.670 26439.173 32519.813 27061.619 1.738 0.000
15114.909 46698.851 15829.670 26439.173 43400.845 27061.619 1.415 0.000
47560.092 46698.851 15829.670 26439.173 46059.956 27061.619 1.614 0.000
45761.007 46698.851 15829.670 26439.173 27777.624 27061.619 2.015 0.000
44523.610 46698.851 34446.396 26439.173 27777.624 27061.619 1.344 0.000
46079.590 46698.851 38065.802 26439.173 44332.194 27061.619 1.846 0.000
25705.748 46698.851 37842.666 26439.173 29433.081 27061.619 1.583 0.000
25705.748 46698.851 27824.407 26439.173 29433.081 27061.619 1.758 0.000
25705.748 46698.851 22168.599 26439.173 29433.081 27061.619 1.790 0.000
25705.748 46698.851 22168.599 26439.173 29433.081 27061.619 2.244 0.000
25705.748 46698.851 22168.599 26439.173 29433.081 27061.619 2.512 0.000
34056.902 46698.851 22168.599 26439.173 29433.081 27061.619 2.464 0.000
26540.864 46698.851 22168.599 26439.173 29433.081 27061.619 2.630 0.000
26540.864 46698.851 22168.599 26439.173 29433.081 31597.953 2.321 0.000
26540.864 46698.851 22168.599 26439.173 29433.081 27515.253 2.332 0.000
26540.864 46698.851 22168.599 26439.173 29433.081 27515.253 3.393 0.000
26540.864 46698.851 22168.599 26439.173 29433.081 37906.266 2.584 0.000
26540.864 46698.851 22168.599 26439.173 29433.081 33587.415 2.163 0.000
26540.864 46698.851 22168.599 26439.173 29433.081 41264.050 2.743 0.000
26540.864 46698.851 32612.857 26439.173 29433.081 30278.299 2.525 0.000
26540.864 46698.851 43473.782 26439.173 29433.081 33365.549 2.187 0.000
26540.864 46698.851 25239.101 36165.040 29433.081 46982.323 2.530 0.000
26540.864 46698.851 36639.823 27411.760 35169.645 44020.861 2.149 0.000
26540.864 46698.851 45404.049 27411.760 30006.737 33405.985 2.527 0.000
26540.864 46698.851 39809.415 27411.760 30006.737 33405.985 2.326 0.000
26540.864 46698.851 45304.194 31674.909 34347.480 38388.036 2.304 0.000
26540.864 46698.851 31021.412 27838.075 34838.182 42528.964 2.173 0.000
26540.864 46698.851 59164.628 27838.075 36227.392 45856.971 2.207 0.000
26540.864 46698.851 44311.688 27838.075 37912.209 35875.698 2.356 0.000
26540.864 46698.851 34883.329 27838.075 32064.931 51987.637 1.717 0.000
26540.864 46698.851 41151.931 41340.594 32064.931 45072.388 1.954 0.000
26540.864 46698.851 35510.189 29188.327 42594.476 54191.021 2.075 0.000
26540.864 46698.851 52119.531 45652.190 33117.885 39839.999 2.370 0.000
26540.864 46698.851 37171.123 34877.773 38424.072 39839.999 1.988 0.000
26540.864 46698.851 37171.123 31239.019 33648.504 53975.565 1.916 0.000
26540.864 0.000 37171.123 31239.019 43733.514 47154.375 2.207 0.000
26540.864 0.000 37171.123 31239.019 39634.494 41843.638 1.945 0.000
26540.864 0.000 37171.123 31239.019 35154.754 46488.429 1.703 0.000
37224.809 0.000 37171.123 31239.019 35154.754 51799.767 1.872 0.000
39934.687 34732.870 37171.123 31239.019 43306.568 43257.282 1.836 0.000
41994.136 40577.160 37171.123 31239.019 63654.952 0.000 1.922 0.000
48687.484 45514.073 37171.123 31239.019 38738.437 38931.554 1.960 0.000
56019.685 76220.883 37171.123 31239.019 38738.437 40624.412 2.116 0.000
73799.132 60836.082 37171.123 31239.019 38738.437 39100.839 2.011 0.000
80000.000 -1.000 37171.123 31239.019 38738.437 39100.839 1.933 0.000
42514.864 0.000 37171.123 31239.019 38738.437 46810.692 1.971 0.000
42514.864 0.000 37171.123 31239.019 38738.437 39871.825 1.783 0.000
80000.000 0.000 37171.123 31239.019 38738.437 39871.825 2.668 0.000
46263.378 0.000 37171.123 31239.019 38738.437 47168.396 2.401 0.000
80000.000 0.000 37171.123 31239.019 38738.437 47445.690 2.057 0.000
80000.000 0.000 37171.123 31239.019 46038.005 41285.903 1.770 0.000
80000.000 -1.000 37171.123 31239.019 39468.394 41285.903 1.633 0.000
80000.000 -1.000 37171.123 31239.019 39468.394 41285.903 2.086 0.000
80000.000 -1.000 37171.123 31239.019 49265.155 41285.903 1.767 0.000
80000.000 -1.000 37171.123 31239.019 40448.070 41285.903 1.667 0.000
80000.000 -1.000 37171.123 0.000 60128.753 41285.903 1.633 0.000
80000.000 -1.000 37171.123 0.000 50714.397 41285.903 2.399 0.000
80000.000 -1.000 37171.123 0.000 48776.633 41285.903 1.599 0.000
80000.000 -1.000 37171.123 0.000 54848.767 41285.903 1.361 0.000
80000.000 -1.000 0.000 0.000 44904.005 0.000 1.699 0.000
80000.000 -1.000 0.000 0.000 44904.005 0.000 2.100 0.000
80000.000 -1.000 0.000 -1.000 44904.005 0.000 2.167 0.000
80000.000 -1.000 0.000 0.000 44904.005 0.000 1.485 0.000
80000.000 -1.000 0.000 -1.000 44904.005 0.000 1.822 0.000
80000.000 -1.000 0.000 -1.000 44904.005 0.000 1.634 0.000
80000.000 -1.000 0.000 -1.000 50442.799 0.000 2.011 0.000
80000.000 -1.000 -1.000 -1.000 50058.473 -1.000 1.398 0.000
80000.000 -1.000 -1.000 -1.000 45917.943 -1.000 1.482 0.000
75442.683 -1.000 -1.000 -1.000 45917.943 -1.000 1.620 0.000
80000.000 -1.000 -1.000 -1.000 45917.943 -1.000 1.962 0.000
80000.000 -1.000 -1.000 -1.000 45917.943 -1.000 1.176 0.000
76308.573 -1.000 -1.000 -1.000 45917.943 -1.000 1.900 0.000
80000.000 -1.000 -1.000 -1.000 45917.943 -1.000 1.246 0.000
76677.716 -1.000 -1.000 -1.000 45917.943 -1.000 1.784 0.000
80000.000 -1.000 -1.000 -1.000 45917.943 -1.000 1.304 0.000
77009.944 -1.000 -1.000 -1.000 54695.580 -1.000 1.916 0.000
80000.000 -1.000 -1.000 -1.000 74477.840 -1.000 0.106 0.000
80000.000 -1.000 -1.000 -1.000 65366.016 -1.000 2.072 0.000
77578.055 80000.000 71792.879 37533.661 74618.991 -1.000 1.784 0.000
77578.055 61093.329 66309.313 32642.112 68173.223 -1.000 2.907 0.000
77578.055 65380.106 -1.000 -1.000 54959.776 -1.000 4.059 0.000
77578.055 33997.391 46439.970 -1.000 54959.776 -1.000 5.585 0.000
77578.055 33997.391 -1.000 -1.000 54959.776 -1.000 1.553 0.000
77578.055 33997.391 29387.828 -1.000 54959.776 -1.000 1.671 0.000
119213.606 33997.391 0.000 0.000 69234.916 -1.000 3.577 0.000
102240.927 33997.391 0.000 0.000 87405.302 -1.000 1.385 0.000
114212.096 33997.391 0.000 -1.000 117827.726 -1.000 1.519 0.000
144133.230 33997.391 0.000 -1.000 127863.563 -1.000 1.092 0.000
137799.417 0.000 0.000 -1.000 169547.117 -1.000 1.409 0.000
124737.632 0.000 -1.000 -1.000 178162.955 -1.000 1.318 0.000
107609.042 0.000 -1.000 -1.000 91052.919 -1.000 1.325 0.000
100627.879 0.000 -1.000 -1.000 91052.919 -1.000 1.208 0.000
100627.879 0.000 -1.000 -1.000 91052.919 -1.000 1.181 0.000
100627.879 0.000 -1.000 -1.000 91052.919 -1.000 1.411 0.000
100627.879 0.000 -1.000 -1.000 91052.919 -1.000 1.172 0.000
100627.879 -1.000 -1.000 -1.000 116152.752 -1.000 1.392 0.000
100627.879 -1.000 -1.000 -1.000 93562.902 -1.000 1.250 0.000
130277.245 -1.000 -1.000 -1.000 100062.445 -1.000 1.477 0.000
103592.816 -1.000 -1.000 19669.519 94212.856 -1.000 1.471 0.000
103592.816 -1.000 -1.000 25999.751 110810.013 -1.000 1.091 0.000
103592.816 -1.000 -1.000 29131.028 127380.598 -1.000 1.232 0.000
103592.816 -1.000 -1.000 34230.525 124221.433 -1.000 1.695 0.000
114907.593 -1.000 29791.244 31309.009 121370.719 -1.000 0.837 0.000
104724.294 -1.000 33140.778 35865.378 158352.060 -1.000 1.207 0.000
104724.294 -1.000 44479.367 38227.316 120131.093 -1.000 1.543 0.000
104724.294 -1.000 50431.651 33856.226 146256.087 -1.000 1.690 0.000
109948.103 -1.000 68676.336 36560.278 129352.547 -1.000 1.248 0.000
137849.016 -1.000 29626.779 26010.301 164653.404 -1.000 1.338 0.000
108506.909 -1.000 29626.779 55438.453 176380.625 -1.000 1.187 0.000
108506.909 -1.000 29626.779 28953.116 236965.025 -1.000 1.446 0.000
108506.909 -1.000 29626.779 68372.869 250000.000 -1.000 1.395 0.000
108506.909 -1.000 89110.232 85565.880 250000.000 -1.000 1.183 0.000
108506.909 -1.000 35575.124 38162.170 250000.000 -1.000 1.342 0.000
108506.909 -1.000 85201.717 38162.170 250000.000 -1.000 1.239 0.000
118305.917 -1.000 40537.784 93134.493 250000.000 -1.000 1.342 0.000
135895.954 -1.000 130547.845 43659.402 191762.127 -1.000 1.282 0.000
112127.724 -1.000 49538.790 43659.402 184101.367 -1.000 1.959 0.000
138606.684 -1.000 49538.790 73100.865 184101.367 -1.000 1.087 0.000
114775.620 -1.000 49538.790 46603.549 184101.367 -1.000 0.983 0.000
114775.620 -1.000 49538.790 66644.613 184101.367 -1.000 1.280 0.000
114775.620 -1.000 147222.225 64256.502 184101.367 -1.000 1.692 0.000
114775.620 -1.000 59307.133 54772.761 184101.367 -1.000 1.259 0.000
114775.620 -1.000 94859.997 60789.763 184101.367 -1.000 1.719 0.000
114775.620 -1.000 101795.586 81631.490 184101.367 -1.000 0.992 0.000
114775.620 -1.000 120467.337 54646.603 184101.367 -1.000 1.623 0.000
121366.370 -1.000 126959.795 66827.502 184101.367 -1.000 1.038 0.000
122450.665 32483.169 106391.763 86715.376 184101.367 -1.000 1.902 0.000
121505.672 36323.762 80488.344 77163.707 184101.367 -1.000 1.269 0.000
130142.872 46952.100 80488.344 95453.665 184101.367 -1.000 1.043 0.000
118020.194 42298.046 129945.441 74908.395 184101.367 38633.197 1.620 0.000
123827.383 48492.393 172401.775 101433.389 184101.367 43328.241 1.717 0.000
118600.913 26840.274 104182.100 83036.999 184101.367 59739.931 1.450 0.000
118600.913 26840.274 192679.958 115239.208 184101.367 73523.714 0.821 0.000
118600.913 26840.274 176552.428 74821.652 184101.367 32010.866 2.260 0.000
118600.913 26840.274 171729.285 98789.549 184101.367 32010.866 0.769 0.000
118600.913 35800.694 209551.355 97309.066 184101.367 32010.866 1.637 0.000
118600.913 32579.548 203191.066 125481.094 184101.367 32010.866 1.478 0.000
118600.913 32422.831 134778.034 145556.317 184101.367 32010.866 1.597 0.000
142549.505 28640.858 134778.034 126473.168 184101.367 90818.013 1.600 0.000
120995.772 41276.050 250000.000 144010.493 184101.367 119664.088 1.621 0.000
120995.772 38563.905 250000.000 121877.625 184101.367 46068.832 1.339 0.000
120995.772 39636.771 156670.207 123681.289 184101.367 125972.263 1.870 0.000
120995.772 43275.792 156670.207 103286.086 184101.367 54059.175 1.365 0.000
120995.772 45261.787 156670.207 128112.444 184101.367 54059.175 1.392 0.000
120995.772 48272.834 156670.207 105768.722 184101.367 54059.175 1.452 0.000
120995.772 41590.105 156670.207 119114.465 184101.367 54059.175 1.642 0.000
120995.772 42619.055 156670.207 107103.296 184101.367 54059.175 1.258 0.000
120995.772 41290.189 156670.207 134638.771 184101.367 66615.553 1.670 0.000
120995.772 43311.002 156670.207 109856.844 184101.367 55314.813 1.425 0.000
120995.772 37812.409 156670.207 109856.844 184101.367 55314.813 1.832 0.000
120995.772 37812.409 156670.207 135723.535 184101.367 55314.813 1.605 0.000
120995.772 44291.262 156670.207 118719.405 0.000 55314.813 1.281 0.000
120995.772 38460.294 156670.207 113071.102 0.000 55314.813 1.454 0.000
120995.772 43582.526 156670.207 113071.102 0.000 55314.813 2.188 0.000
120995.772 43820.748 156670.207 132283.473 0.000 55314.813 0.929 0.000
126510.911 56824.164 156670.207 114992.339 0.000 55314.813 1.170 0.000
126137.115 54903.482 156670.207 114992.339 0.000 55314.813 1.896 0.000
122006.269 47166.396 156670.207 114992.339 0.000 55314.813 1.492 0.000
127410.560 52277.777 156670.207 122730.327 -1.000 55314.813 1.733 0.000
122546.698 56456.834 156670.207 115766.138 -1.000 55314.813 1.628 0.000
148426.080 52374.172 156670.207 115766.138 -1.000 55314.813 1.847 0.000
125134.636 64379.140 156670.207 115766.138 -1.000 55314.813 0.756 0.000
150637.117 65384.386 0.000 189142.328 -1.000 55314.813 2.273 0.000
152547.872 78936.146 0.000 123103.757 -1.000 55314.813 1.043 0.000
158271.157 70827.456 0.000 131300.036 -1.000 55314.813 2.169 0.000
162632.448 82034.171 0.000 123923.385 -1.000 55314.813 1.588 0.000
147204.912 85842.653 0.000 123923.385 -1.000 55314.813 1.446 0.000
175350.377 94726.330 0.000 123923.385 -1.000 55314.813 1.623 0.000
169563.227 102381.117 0.000 123923.385 -1.000 55314.813 1.086 0.000
171174.111 124769.219 -1.000 133381.019 -1.000 55314.813 2.292 0.000
223460.521 159820.642 -1.000 124869.148 -1.000 55314.813 1.612 0.000
250000.000 81744.937 -1.000 222965.060 -1.000 55314.813 1.163 0.000
250000.000 163458.358 -1.000 134678.740 -1.000 64657.449 1.448 0.000
250000.000 89916.279 -1.000 215962.318 -1.000 56249.076 1.302 0.000
250000.000 250000.000 -1.000 142807.097 -1.000 56249.076 1.837 0.000
250000.000 105924.651 -1.000 150170.140 -1.000 56249.076 1.901 0.000
250000.000 105924.651 -1.000 143543.402 -1.000 56249.076 1.784 0.000
250000.000 222834.141 -1.000 143543.402 -1.000 56249.076 1.807 0.000
250000.000 117615.600 -1.000 143543.402 -1.000 56249.076 1.509 0.000
250000.000 250000.000 -1.000 143543.402 -1.000 56249.076 1.653 0.000
222476.601 130854.040 -1.000 143543.402 -1.000 56249.076 2.472 0.000
250000.000 250000.000 -1.000 143543.402 -1.000 56249.076 1.268 0.000
243087.585 224406.311 -1.000 143543.402 -1.000 57655.630 1.778 0.000
250000.000 201578.892 -1.000 143543.402 -1.000 56389.732 1.370 0.000
250000.000 200396.930 -1.000 143543.402 -1.000 58662.139 1.835 0.000
250000.000 160437.040 -1.000 143543.402 -1.000 59135.464 1.922 0.000
250000.000 160437.040 -1.000 143543.402 -1.000 62877.816 1.587 0.000
250000.000 188618.074 -1.000 143543.402 -1.000 57469.721 1.835 0.000
250000.000 163255.143 -1.000 143543.402 -1.000 62633.652 2.552 0.000
234069.153 250000.000 -1.000 143543.402 -1.000 60171.924 1.765 0.000
250000.000 250000.000 -1.000 143543.402 -1.000 61750.341 2.224 0.000
235662.238 206562.671 -1.000 0.000 -1.000 58559.260 2.576 0.000
235662.238 182419.267 -1.000 0.000 -1.000 58559.260 1.805 0.000
235662.238 182419.267 -1.000 0.000 -1.000 60019.725 1.835 0.000
235662.238 182419.267 -1.000 0.000 -1.000 58705.306 1.656 0.000
235662.238 182419.267 -1.000 0.000 -1.000 58705.306 1.389 0.000
235662.238 182419.267 -1.000 0.000 -1.000 58705.306 2.024 0.000
235662.238 250000.000 -1.000 0.000 -1.000 58705.306 2.319 0.000
235662.238 189177.340 -1.000 -1.000 -1.000 58705.306 1.546 0.000
235662.238 189177.340 -1.000 -1.000 -1.000 58705.306 2.196 0.000
235662.238 189177.340 -1.000 -1.000 -1.000 58705.306 1.478 0.000
235662.238 189177.340 -1.000 -1.000 -1.000 58705.306 2.599 0.000
235662.238 189177.340 -1.000 -1.000 -1.000 58705.306 1.836 0.000
235662.238 189177.340 -1.000 -1.000 -1.000 58705.306 2.039 0.000
235662.238 189177.340 0.000 -1.000 -1.000 58705.306 2.816 0.000
235662.238 189177.340 -1.000 -1.000 -1.000 58705.306 1.632 0.000
235662.238 189177.340 0.000 -1.000 0.000 58705.306 1.702 0.000
235662.238 189177.340 0.000 -1.000 -1.000 58705.306 1.923 0.000
235662.238 189177.340 0.000 -1.000 0.000 60421.619 1.684 0.000
235662.238 189177.340 0.000 -1.000 0.000 62694.737 4.573 0.000
235662.238 189177.340 0.000 -1.000 0.000 66185.973 4.498 0.000
235662.238 189177.340 0.000 -1.000 0.000 66446.576 2.016 0.000
235662.238 189177.340 0.000 0.000 0.000 67467.035 2.237 0.000
235662.238 189177.340 0.000 -1.000 0.000 68982.620 1.980 0.000
235662.238 0.000 0.000 -1.000 0.000 62474.782 1.857 0.000
235662.238 0.000 0.000 -1.000 0.000 62098.841 2.479 0.000
235662.238 0.000 0.000 0.000 0.000 62098.841 1.901 0.000
0.000 0.000 0.000 0.000 0.000 62098.841 2.043 0.000
0.000 0.000 0.000 0.000 0.000 62098.841 1.864 0.000
0.000 0.000 0.000 0.000 0.000 62098.841 1.687 0.000
0.000 0.000 -1.000 0.000 0.000 62098.841 2.682 0.000
0.000 0.000 -1.000 0.000 0.000 62098.841 1.742 0.000
0.000 0.000 -1.000 0.000 -1.000 63043.166 2.692 0.000
0.000 0.000 -1.000 0.000 -1.000 62193.273 1.876 0.000
0.000 0.000 -1.000 0.000 -1.000 62193.273 2.085 0.000
0.000 0.000 -1.000 0.000 -1.000 62193.273 2.709 0.000
0.000 0.000 -1.000 0.000 -1.000 62193.273 1.694 0.000
0.000 0.000 -1.000 0.000 -1.000 62193.273 2.456 0.000
0.000 0.000 -1.000 0.000 -1.000 62193.273 1.966 0.000
0.000 0.000 -1.000 0.000 -1.000 62193.273 2.404 0.000
0.000 0.000 -1.000 -1.000 -1.000 62193.273 2.256 0.000
0.000 0.000 -1.000 -1.000 -1.000 62193.273 2.268 0.000
0.000 0.000 -1.000 -1.000 -1.000 62193.273 2.511 0.000
0.000 0.000 -1.000 -1.000 -1.000 62193.273 2.104 0.000
0.000 0.000 -1.000 -1.000 -1.000 62193.273 2.272 0.000
0.000 0.000 -1.000 -1.000 -1.000 62193.273 2.640 0.000
0.000 -1.000 -1.000 -1.000 -1.000 62193.273 2.700 0.000
0.000 -1.000 -1.000 -1.000 -1.000 62193.273 2.158 0.000
0.000 -1.000 -1.000 -1.000 -1.000 62193.273 1.543 0.000
-1.000 -1.000 -1.000 -1.000 -1.000 62193.273 2.466 0.000
-1.000 -1.000 -1.000 -1.000 -1.000 62193.273 2.406 0.000
-1.000 -1.000 -1.000 -1.000 -1.000 64661.506 1.805 0.000
-1.000 -1.000 -1.000 -1.000 -1.000 62440.097 2.360 0.000
-1.000 -1.000 -1.000 -1.000 -1.000 62643.346 2.578 0.000
-1.000 -1.000 -1.000 -1.000 -1.000 63498.877 2.467 0.000
-1.000 -1.000 -1.000 -1.000 -1.000 65174.943 2.737 0.000
-1.000 -1.000 -1.000 -1.000 -1.000 62825.335 1.779 0.000
-1.000 -1.000 -1.000 -1.000 -1.000 62825.335 2.417 0.000
-1.000 -1.000 -1.000 -1.000 -1.000 66610.526 2.237 0.000
-1.000 -1.000 -1.000 -1.000 -1.000 69211.208 2.923 0.000
-1.000 -1.000 -1.000 -1.000 -1.000 65771.141 1.770 0.000
-1.000 -1.000 -1.000 -1.000 -1.000 64001.244 2.339 0.000
-1.000 -1.000 -1.000 -1.000 -1.000 64537.288 2.908 0.000
-1.000 -1.000 -1.000 -1.000 -1.000 68011.415 2.610 0.000
-1.000 -1.000 -1.000 -1.000 -1.000 64450.506 2.726 0.000
-1.000 -1.000 -1.000 -1.000 -1.000 64450.506 2.314 0.000
-1.000 -1.000 -1.000 -1.000 -1.000 64450.506 2.497 0.000
-1.000 -1.000 -1.000 -1.000 -1.000 64450.506 2.057 0.000
-1.000 -1.000 -1.000 -1.000 -1.000 64450.506 3.201 0.000
-1.000 -1.000 -1.000 -1.000 -1.000 64659.496 2.508 0.000
-1.000 -1.000 -1.000 -1.000 -1.000 66403.925 2.204 0.000
-1.000 -1.000 -1.000 -1.000 -1.000 73588.499 2.807 0.000
-1.000 -1.000 -1.000 -1.000 -1.000 67074.006 2.272 0.000
-1.000 -1.000 -1.000 -1.000 -1.000 78702.205 2.710 0.000
-1.000 -1.000 -1.000 -1.000 -1.000 74698.914 2.566 0.000
-1.000 -1.000 -1.000 -1.000 -1.000 74857.624 2.274 0.000
-1.000 -1.000 -1.000 -1.000 -1.000 75843.299 3.194 0.000
-1.000 -1.000 -1.000 -1.000 -1.000 80707.014 2.193 0.000
-1.000 -1.000 -1.000 -1.000 -1.000 92402.663 3.321 0.000
-1.000 -1.000 -1.000 -1.000 -1.000 82298.969 2.333 0.000
-1.000 -1.000 -1.000 -1.000 -1.000 90381.476 2.689 0.000
-1.000 -1.000 -1.000 -1.000 -1.000 83999.600 2.445 0.000
-1.000 -1.000 -1.000 -1.000 -1.000 91944.927 2.844 0.000
-1.000 -1.000 -1.000 -1.000 -1.000 79728.093 2.569 0.000
-1.000 -1.000 -1.000 -1.000 -1.000 77893.852 2.457 0.000
-1.000 -1.000 -1.000 -1.000 -1.000 80602.284 2.894 0.000
-1.000 -1.000 -1.000 -1.000 -1.000 82575.701 3.874 0.000
-1.000 -1.000 -1.000 -1.000 -1.000 92141.060 3.012 0.000
-1.000 -1.000 -1.000 -1.000 -1.000 86630.038 2.600 0.000
-1.000 -1.000 -1.000 -1.000 -1.000 97458.518 2.900 0.000
-1.000 -1.000 -1.000 -1.000 -1.000 88837.865 2.215 0.000
-1.000 -1.000 -1.000 -1.000 -1.000 94068.085 2.796 0.000
-1.000 -1.000 -1.000 -1.000 -1.000 87325.424 2.697 0.000
-1.000 -1.000 -1.000 -1.000 -1.000 92827.470 2.985 0.000
-1.000 -1.000 -1.000 -1.000 -1.000 85241.163 2.300 0.000
-1.000 -1.000 -1.000 -1.000 -1.000 85241.163 2.107 0.000
-1.000 -1.000 -1.000 -1.000 -1.000 91381.403 3.308 0.000
-1.000 -1.000 -1.000 -1.000 -1.000 85855.187 2.465 0.000
-1.000 -1.000 -1.000 -1.000 -1.000 85855.187 2.804 0.000
-1.000 -1.000 -1.000 -1.000 -1.000 85855.187 3.059 0.000
-1.000 -1.000 -1.000 -1.000 -1.000 89549.234 2.610 0.000
-1.000 -1.000 -1.000 -1.000 -1.000 86224.592 2.159 0.000
-1.000 -1.000 -1.000 -1.000 -1.000 96022.560 2.975 0.000
-1.000 -1.000 -1.000 -1.000 -1.000 98336.638 2.701 0.000
-1.000 -1.000 -1.000 -1.000 -1.000 98061.460 2.487 0.000
-1.000 -1.000 -1.000 -1.000 -1.000 101885.586 3.218 0.000
-1.000 -1.000 -1.000 -1.000 -1.000 103667.393 2.551 0.000
-1.000 -1.000 -1.000 -1.000 -1.000 111851.648 2.997 0.000
-1.000 -1.000 -1.000 -1.000 -1.000 93861.829 2.504 0.000
-1.000 -1.000 -1.000 -1.000 -1.000 94972.230 2.457 0.000
-1.000 -1.000 -1.000 -1.000 -1.000 103135.069 2.990 0.000
-1.000 -1.000 -1.000 -1.000 -1.000 94889.089 2.548 0.000
-1.000 -1.000 -1.000 -1.000 -1.000 94889.089 2.636 0.000
-1.000 -1.000 -1.000 -1.000 -1.000 94889.089 2.748 0.000
-1.000 -1.000 -1.000 -1.000 -1.000 98324.877 2.611 0.000
-1.000 -1.000 -1.000 -1.000 -1.000 111321.926 2.896 0.000
-1.000 -1.000 -1.000 -1.000 -1.000 102816.710 2.604 0.000
-1.000 -1.000 -1.000 -1.000 -1.000 106111.710 2.726 0.000
-1.000 -1.000 -1.000 -1.000 -1.000 109808.683 3.015 0.000
-1.000 -1.000 -1.000 -1.000 -1.000 113222.420 2.543 0.000
-1.000 -1.000 -1.000 -1.000 -1.000 129939.660 2.962 0.000
-1.000 -1.000 -1.000 -1.000 -1.000 121206.005 2.658 0.000
-1.000 -1.000 -1.000 -1.000 -1.000 108267.295 2.812 0.000
-1.000 -1.000 -1.000 -1.000 -1.000 140783.269 2.473 0.000
-1.000 -1.000 -1.000 -1.000 -1.000 135370.491 2.977 0.000
-1.000 -1.000 -1.000 -1.000 -1.000 142994.535 3.228 0.000
-1.000 -1.000 -1.000 -1.000 -1.000 114990.947 2.696 0.000
-1.000 -1.000 -1.000 -1.000 -1.000 138959.382 2.736 0.000
-1.000 -1.000 -1.000 -1.000 -1.000 144289.116 2.963 0.000
-1.000 -1.000 -1.000 -1.000 -1.000 131998.064 2.427 0.000
-1.000 -1.000 -1.000 -1.000 -1.000 143780.251 2.792 0.000
-1.000 -1.000 -1.000 -1.000 -1.000 153585.821 2.748 0.000
0.000 0.000 0.000 0.000 0.000 0.000 0.000 0.000
0.000 0.000 0.000 0.000 0.000 0.000 0.000 0.000
0.000 0.000 0.000 0.000 0.000 0.000 0.000 0.000
0.000 0.000 0.000 0.000 0.000 0.000 0.000 0.000
0.000 0.000 0.000 0.000 0.000 0.000 0.000 0.000
0.000 0.000 0.000 0.000 0.000 0.000 0.000 0.000
0.000 0.000 0.000 0.000 0.000 0.000 0.000 0.000
0.000 0.000 0.000 0.000 0.000 0.000 0.000 0.000
0.000 0.000 0.000 0.000 0.000 0.000 0.000 0.000
0.000 0.000 0.000 0.000 0.000 0.000 0.000 0.000
0.000 0.000 0.000 0.000 0.000 0.000 0.000 0.000
0.000 0.000 0.000 0.000 0.000 0.000 0.000 0.000
0.000 0.000 0.000 0.000 0.000 0.000 0.000 0.000
0.000 0.000 0.000 0.000 0.000 0.000 0.000 0.000
0.000 0.000 0.000 0.000 0.000 0.000 0.000 0.000
0.000 0.000 0.000 0.000 0.000 0.000 0.000 0.000
0.000 0.000 0.000 0.000 0.000 0.000 0.000 0.000
0.000 0.000 0.000 0.000 0.000 0.000 0.000 0.000
0.000 0.000 0.000 0.000 0.000 0.000 0.000 0.000
0.000 0.000 0.000 0.000 0.000 0.000 0.000 0.000
0.000 0.000 0.000 0.000 0.000 0.000 0.000 0.000
0.000 0.000 0.000 0.000 0.000 0.000 0.000 0.000
0.000 0.000 0.000 0.000 0.000 0.000 0.000 0.000
0.000 0.000 0.000 0.000 0.000 0.000 0.000 0.000
0.000 0.000 0.000 0.000 0.000 0.000 0.000 0.000
0.000 0.000 0.000 0.000 0.000 0.000 0.000 0.000
0.000 0.000 0.000 0.000 0.000 0.000 0.000 0.000
0.000 0.000 0.000 0.000 0.000 0.000 0.000 0.000
0.000 0.000 0.000 0.000 0.000 0.000 0.000 0.000
0.000 0.000 0.000 0.000 0.000 0.000 0.000 0.000
0.000 0.000 0.000 0.000 0.000 0.000 0.000 0.000
0.000 0.000 0.000 0.000 0.000 0.000 0.000 0.000
0.000 0.000 0.000 0.000 0.000 0.000 0.000 0.000
0.000 0.000 0.000 0.000 0.000 0.000 0.000 0.000
0.000 0.000 0.000 0.000 0.000 0.000 0.000 0.000
0.000 0.000 0.000 0.000 0.000 0.000 0.000 0.000
0.000 0.000 0.000 0.000 0.000 0.000 0.000 0.000
0.000 0.000 0.000 0.000 0.000 0.000 0.000 0.000
0.000 0.000 0.000 0.000 0.000 0.000 0.000 0.000
0.000 0.000 0.000 0.000 0.000 0.000 0.000 0.000
0.000 0.000 0.000 0.000 0.000 0.000 0.000 0.000
0.000 0.000 0.000 0.000 0.000 0.000 0.000 0.000
0.000 0.000 0.000 0.000 0.000 0.000 0.000 0.000
0.000 0.000 0.000 0.000 0.000 0.000 0.000 0.000
0.000 0.000 0.000 0.000 0.000 0.000 0.000 0.000
0.000 0.000 0.000 0.000 0.000 0.000 0.000 0.000
0.000 0.000 0.000 0.000 0.000 0.000 0.000 0.000
0.000 0.000 0.000 0.000 0.000 0.000 0.000 0.000
0.000 0.000 0.000 0.000 0.000 0.000 0.000 0.000
0.000 0.000 0.000 0.000 0.000 0.000 0.000 0.000
0.000 0.000 0.000 0.000 0.000 0.000 0.000 0.000
0.000 0.000 0.000 0.000 0.000 0.000 0.000 0.000
0.000 0.000 0.000 0.000 0.000 0.000 0.000 0.000
0.000 0.000 0.000 0.000 0.000 0.000 0.000 0.000
0.000 0.000 0.000 0.000 0.000 0.000 0.000 0.000
0.000 0.000 0.000 0.000 0.000 0.000 0.000 0.000
0.000 0.000 0.000 0.000 0.000 0.000 0.000 0.000
0.000 0.000 0.000 0.000 0.000 0.000 0.000 0.000
0.000 0.000 0.000 0.000 0.000 0.000 0.000 0.000
0.000 0.000 0.000 0.000 0.000 0.000 0.000 0.000
0.000 0.000 0.000 0.000 0.000 0.000 0.000 0.000
0.000 0.000 0.000 0.000 0.000 0.000 0.000 0.000
0.000 0.000 0.000 0.000 0.000 0.000 0.000 0.000
0.000 0.000 0.000 0.000 0.000 0.000 0.000 0.000
0.000 0.000 0.000 0.000 0.000 0.000 0.000 0.000
0.000 0.000 0.000 0.000 0.000 0.000 0.000 0.000
0.000 0.000 0.000 0.000 0.000 0.000 0.000 0.000
0.000 0.000 0.000 0.000 0.000 0.000 0.000 0.000
0.000 0.000 0.000 0.000 0.000 0.000 0.000 0.000
0.000 0.000 0.000 0.000 0.000 0.000 0.000 0.000
0.000 0.000 0.000 0.000 0.000 0.000 0.000 0.000
0.000 0.000 0.000 0.000 0.000 0.000 0.000 0.000
0.000 0.000 0.000 0.000 0.000 0.000 0.000 0.000
0.000 0.000 0.000 0.000 0.000 0.000 0.000 0.000
0.000 0.000 0.000 0.000 0.000 0.000 0.000 0.000
0.000 0.000 0.000 0.000 0.000 0.000 0.000 0.000
0.000 0.000 0.000 0.000 0.000 0.000 0.000 0.000
0.000 0.000 0.000 0.000 0.000 0.000 0.000 0.000
0.000 0.000 0.000 0.000 0.000 0.000 0.000 0.000
0.000 0.000 0.000 0.000 0.000 0.000 0.000 0.000
0.000 0.000 0.000 0.000 0.000 0.000 0.000 0.000
0.000 0.000 0.000 0.000 0.000 0.000 0.000 0.000
0.000 0.000 0.000 0.000 0.000 0.000 0.000 0.000
0.000 0.000 0.000 0.000 0.000 0.000 0.000 0.000
0.000 0.000 0.000 0.000 0.000 0.000 0.000 0.000
0.000 0.000 0.000 0.000 0.000 0.000 0.000 0.000
0.000 0.000 0.000 0.000 0.000 0.000 0.000 0.000
0.000 0.000 0.000 0.000 0.000 0.000 0.000 0.000
0.000 0.000 0.000 0.000 0.000 0.000 0.000 0.000
0.000 0.000 0.000 0.000 0.000 0.000 0.000 0.000
0.000 0.000 0.000 0.000 0.000 0.000 0.000 0.000
0.000 0.000 0.000 0.000 0.000 0.000 0.000 0.000
0.000 0.000 0.000 0.000 0.000 0.000 0.000 0.000
0.000 0.000 0.000 0.000 0.000 0.000 0.000 0.000
0.000 0.000 0.000 0.000 0.000 0.000 0.000 0.000
0.000 0.000 0.000 0.000 0.000 0.000 0.000 0.000
0.000 0.000 0.000 0.000 0.000 0.000 0.000 0.000
0.000 0.000 0.000 0.000 0.000 0.000 0.000 0.000
0.000 0.000 0.000 0.000 0.000 0.000 0.000 0.000
0.000 0.000 0.000 0.000 0.000 0.000 0.000 0.000
0.000 0.000 0.000 0.000 0.000 0.000 0.000 0.000
0.000 0.000 0.000 0.000 0.000 0.000 0.000 0.000
0.000 0.000 0.000 0.000 0.000 0.000 0.000 0.000
0.000 0.000 0.000 0.000 0.000 0.000 0.000 0.000
0.000 0.000 0.000 0.000 0.000 0.000 0.000 0.000
0.000 0.000 0.000 0.000 0.000 0.000 0.000 0.000
0.000 0.000 0.000 0.000 0.000 0.000 0.000 0.000
0.000 0.000 0.000 0.000 0.000 0.000 0.000 0.000
0.000 0.000 0.000 0.000 0.000 0.000 0.000 0.000
0.000 0.000 0.000 0.000 0.000 0.000 0.000 0.000
0.000 0.000 0.000 0.000 0.000 0.000 0.000 0.000
0.000 0.000 0.000 0.000 0.000 0.000 0.000 0.000
0.000 0.000 0.000 0.000 0.000 0.000 0.000 0.000
0.000 0.000 0.000 0.000 0.000 0.000 0.000 0.000
0.000 0.000 0.000 0.000 0.000 0.000 0.000 0.000
0.000 0.000 0.000 0.000 0.000 0.000 0.000 0.000
0.000 0.000 0.000 0.000 0.000 0.000 0.000 0.000
0.000 0.000 0.000 0.000 0.000 0.000 0.000 0.000
0.000 0.000 0.000 0.000 0.000 0.000 0.000 0.000
0.000 0.000 0.000 0.000 0.000 0.000 0.000 0.000
0.000 0.000 0.000 0.000 0.000 0.000 0.000 0.000
0.000 0.000 0.000 0.000 0.000 0.000 0.000 0.000
0.000 0.000 0.000 0.000 0.000 0.000 0.000 0.000
0.000 0.000 0.000 0.000 0.000 0.000 0.000 0.000
0.000 0.000 0.000 0.000 0.000 0.000 0.000 0.000
0.000 0.000 0.000 0.000 0.000 0.000 0.000 0.000
0.000 0.000 0.000 0.000 0.000 0.000 0.000 0.000
0.000 0.000 0.000 0.000 0.000 0.000 0.000 0.000
0.000 0.000 0.000 0.000 0.000 0.000 0.000 0.000
0.000 0.000 0.000 0.000 0.000 0.000 0.000 0.000
0.000 0.000 0.000 0.000 0.000 0.000 0.000 0.000
0.000 0.000 0.000 0.000 0.000 0.000 0.000 0.000
0.000 0.000 0.000 0.000 0.000 0.000 0.000 0.000
0.000 0.000 0.000 0.000 0.000 0.000 0.000 0.000
0.000 0.000 0.000 0.000 0.000 0.000 0.000 0.000
0.000 0.000 0.000 0.000 0.000 0.000 0.000 0.000
0.000 0.000 0.000 0.000 0.000 0.000 0.000 0.000
0.000 0.000 0.000 0.000 0.000 0.000 0.000 0.000
0.000 0.000 0.000 0.000 0.000 0.000 0.000 0.000
0.000 0.000 0.000 0.000 0.000 0.000 0.000 0.000
0.000 0.000 0.000 0.000 0.000 0.000 0.000 0.000
0.000 0.000 0.000 0.000 0.000 0.000 0.000 0.000
0.000 0.000 0.000 0.000 0.000 0.000 0.000 0.000
0.000 0.000 0.000 0.000 0.000 0.000 0.000 0.000
0.000 0.000 0.000 0.000 0.000 0.000 0.000 0.000
0.000 0.000 0.000 0.000 0.000 0.000 0.000 0.000
0.000 0.000 0.000 0.000 0.000 0.000 0.000 0.000
0.000 0.000 0.000 0.000 0.000 0.000 0.000 0.000
0.000 0.000 0.000 0.000 0.000 0.000 0.000 0.000
0.000 0.000 0.000 0.000 0.000 0.000 0.000 0.000
0.000 0.000 0.000 0.000 0.000 0.000 0.000 0.000
0.000 0.000 0.000 0.000 0.000 0.000 0.000 0.000
0.000 0.000 0.000 0.000 0.000 0.000 0.000 0.000
0.000 0.000 0.000 0.000 0.000 0.000 0.000 0.000
0.000 0.000 0.000 0.000 0.000 0.000 0.000 0.000
0.000 0.000 0.000 0.000 0.000 0.000 0.000 0.000
0.000 0.000 0.000 0.000 0.000 0.000 0.000 0.000
0.000 0.000 0.000 0.000 0.000 0.000 0.000 0.000
0.000 0.000 0.000 0.000 0.000 0.000 0.000 0.000
0.000 0.000 0.000 0.000 0.000 0.000 0.000 0.000
0.000 0.000 0.000 0.000 0.000 0.000 0.000 0.000
0.000 0.000 0.000 0.000 0.000 0.000 0.000 0.000
0.000 0.000 0.000 0.000 0.000 0.000 0.000 0.000
0.000 0.000 0.000 0.000 0.000 0.000 0.000 0.000
0.000 0.000 0.000 0.000 0.000 0.000 0.000 0.000
0.000 0.000 0.000 0.000 0.000 0.000 0.000 0.000
0.000 0.000 0.000 0.000 0.000 0.000 0.000 0.000
0.000 0.000 0.000 0.000 0.000 0.000 0.000 0.000
0.000 0.000 0.000 0.000 0.000 0.000 0.000 0.000
0.000 0.000 0.000 0.000 0.000 0.000 0.000 0.000
0.000 0.000 0.000 0.000 0.000 0.000 0.000 0.000
0.000 0.000 0.000 0.000 0.000 0.000 0.000 0.000
0.000 0.000 0.000 0.000 0.000 0.000 0.000 0.000
0.000 0.000 0.000 0.000 0.000 0.000 0.000 0.000
0.000 0.000 0.000 0.000 0.000 0.000 0.000 0.000
0.000 0.000 0.000 0.000 0.000 0.000 0.000 0.000
0.000 0.000 0.000 0.000 0.000 0.000 0.000 0.000
0.000 0.000 0.000 0.000 0.000 0.000 0.000 0.000
0.000 0.000 0.000 0.000 0.000 0.000 0.000 0.000
0.000 0.000 0.000 0.000 0.000 0.000 0.000 0.000
0.000 0.000 0.000 0.000 0.000 0.000 0.000 0.000
0.000 0.000 0.000 0.000 0.000 0.000 0.000 0.000
0.000 0.000 0.000 0.000 0.000 0.000 0.000 0.000
0.000 0.000 0.000 0.000 0.000 0.000 0.000 0.000
0.000 0.000 0.000 0.000 0.000 0.000 0.000 0.000
0.000 0.000 0.000 0.000 0.000 0.000 0.000 0.000
0.000 0.000 0.000 0.000 0.000 0.000 0.000 0.000
0.000 0.000 0.000 0.000 0.000 0.000 0.000 0.000
0.000 0.000 0.000 0.000 0.000 0.000 0.000 0.000
0.000 0.000 0.000 0.000 0.000 0.000 0.000 0.000
0.000 0.000 0.000 0.000 0.000 0.000 0.000 0.000
0.000 0.000 0.000 0.000 0.000 0.000 0.000 0.000
0.000 0.000 0.000 0.000 0.000 0.000 0.000 0.000
0.000 0.000 0.000 0.000 0.000 0.000 0.000 0.000
0.000 0.000 0.000 0.000 0.000 0.000 0.000 0.000
0.000 0.000 0.000 0.000 0.000 0.000 0.000 0.000
0.000 0.000 0.000 0.000 0.000 0.000 0.000 0.000
0.000 0.000 0.000 0.000 0.000 0.000 0.000 0.000
0.000 0.000 0.000 0.000 0.000 0.000 0.000 0.000
0.000 0.000 0.000 0.000 0.000 0.000 0.000 0.000
0.000 0.000 0.000 0.000 0.000 0.000 0.000 0.000
0.000 0.000 0.000 0.000 0.000 0.000 0.000 0.000
0.000 0.000 0.000 0.000 0.000 0.000 0.000 0.000
0.000 0.000 0.000 0.000 0.000 0.000 0.000 0.000
0.000 0.000 0.000 0.000 0.000 0.000 0.000 0.000
0.000 0.000 0.000 0.000 0.000 0.000 0.000 0.000
0.000 0.000 0.000 0.000 0.000 0.000 0.000 0.000
0.000 0.000 0.000 0.000 0.000 0.000 0.000 0.000
0.000 0.000 0.000 0.000 0.000 0.000 0.000 0.000
0.000 0.000 0.000 0.000 0.000 0.000 0.000 0.000
0.000 0.000 0.000 0.000 0.000 0.000 0.000 0.000
0.000 0.000 0.000 0.000 0.000 0.000 0.000 0.000
0.000 0.000 0.000 0.000 0.000 0.000 0.000 0.000
0.000 0.000 0.000 0.000 0.000 0.000 0.000 0.000
0.000 0.000 0.000 0.000 0.000 0.000 0.000 0.000
0.000 0.000 0.000 0.000 0.000 0.000 0.000 0.000
0.000 0.000 0.000 0.000 0.000 0.000 0.000 0.000
0.000 0.000 0.000 0.000 0.000 0.000 0.000 0.000
0.000 0.000 0.000 0.000 0.000 0.000 0.000 0.000
0.000 0.000 0.000 0.000 0.000 0.000 0.000 0.000
0.000 0.000 0.000 0.000 0.000 0.000 0.000 0.000
0.000 0.000 0.000 0.000 0.000 0.000 0.000 0.000
0.000 0.000 0.000 0.000 0.000 0.000 0.000 0.000
0.000 0.000 0.000 0.000 0.000 0.000 0.000 0.000
0.000 0.000 0.000 0.000 0.000 0.000 0.000 0.000
0.000 0.000 0.000 0.000 0.000 0.000 0.000 0.000
0.000 0.000 0.000 0.000 0.000 0.000 0.000 0.000
0.000 0.000 0.000 0.000 0.000 0.000 0.000 0.000
0.000 0.000 0.000 0.000 0.000 0.000 0.000 0.000
0.000 0.000 0.000 0.000 0.000 0.000 0.000 0.000
0.000 0.000 0.000 0.000 0.000 0.000 0.000 0.000
0.000 0.000 0.000 0.000 0.000 0.000 0.000 0.000
0.000 0.000 0.000 0.000 0.000 0.000 0.000 0.000
0.000 0.000 0.000 0.000 0.000 0.000 0.000 0.000
0.000 0.000 0.000 0.000 0.000 0.000 0.000 0.000
0.000 0.000 0.000 0.000 0.000 0.000 0.000 0.000
0.000 0.000 0.000 0.000 0.000 0.000 0.000 0.000
0.000 0.000 0.000 0.000 0.000 0.000 0.000 0.000
0.000 0.000 0.000 0.000 0.000 0.000 0.000 0.000
0.000 0.000 0.000 0.000 0.000 0.000 0.000 0.000
0.000 0.000 0.000 0.000 0.000 0.000 0.000 0.000
0.000 0.000 0.000 0.000 0.000 0.000 0.000 0.000
0.000 0.000 0.000 0.000 0.000 0.000 0.000 0.000
0.000 0.000 0.000 0.000 0.000 0.000 0.000 0.000
0.000 0.000 0.000 0.000 0.000 0.000 0.000 0.000
0.000 0.000 0.000 0.000 0.000 0.000 0.000 0.000
0.000 0.000 0.000 0.000 0.000 0.000 0.000 0.000
0.000 0.000 0.000 0.000 0.000 0.000 0.000 0.000
0.000 0.000 0.000 0.000 0.000 0.000 0.000 0.000
0.000 0.000 0.000 0.000 0.000 0.000 0.000 0.000
0.000 0.000 0.000 0.000 0.000 0.000 0.000 0.000
0.000 0.000 0.000 0.000 0.000 0.000 0.000 0.000
0.000 0.000 0.000 0.000 0.000 0.000 0.000 0.000
0.000 0.000 0.000 0.000 0.000 0.000 0.000 0.000
0.000 0.000 0.000 0.000 0.000 0.000 0.000 0.000
0.000 0.000 0.000 0.000 0.000 0.000 0.000 0.000
0.000 0.000 0.000 0.000 0.000 0.000 0.000 0.000
0.000 0.000 0.000 0.000 0.000 0.000 0.000 0.000
0.000 0.000 0.000 0.000 0.000 0.000 0.000 0.000
0.000 0.000 0.000 0.000 0.000 0.000 0.000 0.000
0.000 0.000 0.000 0.000 0.000 0.000 0.000 0.000
0.000 0.000 0.000 0.000 0.000 0.000 0.000 0.000
0.000 0.000 0.000 0.000 0.000 0.000 0.000 0.000
0.000 0.000 0.000 0.000 0.000 0.000 0.000 0.000
0.000 0.000 0.000 0.000 0.000 0.000 0.000 0.000
0.000 0.000 0.000 0.000 0.000 0.000 0.000 0.000
0.000 0.000 0.000 0.000 0.000 0.000 0.000 0.000
0.000 0.000 0.000 0.000 0.000 0.000 0.000 0.000
0.000 0.000 0.000 0.000 0.000 0.000 0.000 0.000
0.000 0.000 0.000 0.000 0.000 0.000 0.000 0.000
0.000 0.000 0.000 0.000 0.000 0.000 0.000 0.000
0.000 0.000 0.000 0.000 0.000 0.000 0.000 0.000
0.000 0.000 0.000 0.000 0.000 0.000 0.000 0.000
0.000 0.000 0.000 0.000 0.000 0.000 0.000 0.000
0.000 0.000 0.000 0.000 0.000 0.000 0.000 0.000
0.000 0.000 0.000 0.000 0.000 0.000 0.000 0.000
0.000 0.000 0.000 0.000 0.000 0.000 0.000 0.000
0.000 0.000 0.000 0.000 0.000 0.000 0.000 0.000
0.000 0.000 0.000 0.000 0.000 0.000 0.000 0.000
0.000 0.000 0.000 0.000 0.000 0.000 0.000 0.000
0.000 0.000 0.000 0.000 0.000 0.000 0.000 0.000
0.000 0.000 0.000 0.000 0.000 0.000 0.000 0.000
0.000 0.000 0.000 0.000 0.000 0.000 0.000 0.000
0.000 0.000 0.000 0.000 0.000 0.000 0.000 0.000
0.000 0.000 0.000 0.000 0.000 0.000 0.000 0.000
0.000 0.000 0.000 0.000 0.000 0.000 0.000 0.000
0.000 0.000 0.000 0.000 0.000 0.000 0.000 0.000
0.000 0.000 0.000 0.000 0.000 0.000 0.000 0.000
0.000 0.000 0.000 0.000 0.000 0.000 0.000 0.000
0.000 0.000 0.000 0.000 0.000 0.000 0.000 0.000
0.000 0.000 0.000 0.000 0.000 0.000 0.000 0.000
0.000 0.000 0.000 0.000 0.000 0.000 0.000 0.000
0.000 0.000 0.000 0.000 0.000 0.000 0.000 0.000
0.000 0.000 0.000 0.000 0.000 0.000 0.000 0.000
0.000 0.000 0.000 0.000 0.000 0.000 0.000 0.000
0.000 0.000 0.000 0.000 0.000 0.000 0.000 0.000
0.000 0.000 0.000 0.000 0.000 0.000 0.000 0.000
0.000 0.000 0.000 0.000 0.000 0.000 0.000 0.000
0.000 0.000 0.000 0.000 0.000 0.000 0.000 0.000
0.000 0.000 0.000 0.000 0.000 0.000 0.000 0.000
0.000 0.000 0.000 0.000 0.000 0.000 0.000 0.000
0.000 0.000 0.000 0.000 0.000 0.000 0.000 0.000
0.000 0.000 0.000 0.000 0.000 0.000 0.000 0.000
0.000 0.000 0.000 0.000 0.000 0.000 0.000 0.000
0.000 0.000 0.000 0.000 0.000 0.000 0.000 0.000
0.000 0.000 0.000 0.000 0.000 0.000 0.000 0.000
0.000 0.000 0.000 0.000 0.000 0.000 0.000 0.000
0.000 0.000 0.000 0.000 0.000 0.000 0.000 0.000
0.000 0.000 0.000 0.000 0.000 0.000 0.000 0.000
0.000 0.000 0.000 0.000 0.000 0.000 0.000 0.000
0.000 0.000 0.000 0.000 0.000 0.000 0.000 0.000
0.000 0.000 0.000 0.000 0.000 0.000 0.000 0.000
0.000 0.000 0.000 0.000 0.000 0.000 0.000 0.000
0.000 0.000 0.000 0.000 0.000 0.000 0.000 0.000
0.000 0.000 0.000 0.000 0.000 0.000 0.000 0.000
0.000 0.000 0.000 0.000 0.000 0.000 0.000 0.000
0.000 0.000 0.000 0.000 0.000 0.000 0.000 0.000
0.000 0.000 0.000 0.000 0.000 0.000 0.000 0.000
0.000 0.000 0.000 0.000 0.000 0.000 0.000 0.000
0.000 0.000 0.000 0.000 0.000 0.000 0.000 0.000
0.000 0.000 0.000 0.000 0.000 0.000 0.000 0.000
0.000 0.000 0.000 0.000 0.000 0.000 0.000 0.000
0.000 0.000 0.000 0.000 0.000 0.000 0.000 0.000
0.000 0.000 0.000 0.000 0.000 0.000 0.000 0.000
0.000 0.000 0.000 0.000 0.000 0.000 0.000 0.000
0.000 0.000 0.000 0.000 0.000 0.000 0.000 0.000
0.000 0.000 0.000 0.000 0.000 0.000 0.000 0.000
0.000 0.000 0.000 0.000 0.000 0.000 0.000 0.000
0.000 0.000 0.000 0.000 0.000 0.000 0.000 0.000
0.000 0.000 0.000 0.000 0.000 0.000 0.000 0.000
0.000 0.000 0.000 0.000 0.000 0.000 0.000 0.000
0.000 0.000 0.000 0.000 0.000 0.000 0.000 0.000
0.000 0.000 0.000 0.000 0.000 0.000 0.000 0.000
0.000 0.000 0.000 0.000 0.000 0.000 0.000 0.000
0.000 0.000 0.000 0.000 0.000 0.000 0.000 0.000
0.000 0.000 0.000 0.000 0.000 0.000 0.000 0.000
0.000 0.000 0.000 0.000 0.000 0.000 0.000 0.000
0.000 0.000 0.000 0.000 0.000 0.000 0.000 0.000
0.000 0.000 0.000 0.000 0.000 0.000 0.000 0.000
0.000 0.000 0.000 0.000 0.000 0.000 0.000 0.000
0.000 0.000 0.000 0.000 0.000 0.000 0.000 0.000
0.000 0.000 0.000 0.000 0.000 0.000 0.000 0.000
0.000 0.000 0.000 0.000 0.000 0.000 0.000 0.000
0.000 0.000 0.000 0.000 0.000 0.000 0.000 0.000
0.000 0.000 0.000 0.000 0.000 0.000 0.000 0.000
0.000 0.000 0.000 0.000 0.000 0.000 0.000 0.000
0.000 0.000 0.000 0.000 0.000 0.000 0.000 0.000
0.000 0.000 0.000 0.000 0.000 0.000 0.000 0.000
0.000 0.000 0.000 0.000 0.000 0.000 0.000 0.000
0.000 0.000 0.000 0.000 0.000 0.000 0.000 0.000
0.000 0.000 0.000 0.000 0.000 0.000 0.000 0.000
0.000 0.000 0.000 0.000 0.000 0.000 0.000 0.000
0.000 0.000 0.000 0.000 0.000 0.000 0.000 0.000
0.000 0.000 0.000 0.000 0.000 0.000 0.000 0.000
0.000 0.000 0.000 0.000 0.000 0.000 0.000 0.000
0.000 0.000 0.000 0.000 0.000 0.000 0.000 0.000
0.000 0.000 0.000 0.000 0.000 0.000 0.000 0.000
0.000 0.000 0.000 0.000 0.000 0.000 0.000 0.000
0.000 0.000 0.000 0.000 0.000 0.000 0.000 0.000
0.000 0.000 0.000 0.000 0.000 0.000 0.000 0.000
0.000 0.000 0.000 0.000 0.000 0.000 0.000 0.000
0.000 0.000 0.000 0.000 0.000 0.000 0.000 0.000
0.000 0.000 0.000 0.000 0.000 0.000 0.000 0.000
0.000 0.000 0.000 0.000 0.000 0.000 0.000 0.000
0.000 0.000 0.000 0.000 0.000 0.000 0.000 0.000
0.000 0.000 0.000 0.000 0.000 0.000 0.000 0.000
0.000 0.000 0.000 0.000 0.000 0.000 0.000 0.000
0.000 0.000 0.000 0.000 0.000 0.000 0.000 0.000
0.000 0.000 0.000 0.000 0.000 0.000 0.000 0.000
0.000 0.000 0.000 0.000 0.000 0.000 0.000 0.000
0.000 0.000 0.000 0.000 0.000 0.000 0.000 0.000
0.000 0.000 0.000 0.000 0.000 0.000 0.000 0.000
0.000 0.000 0.000 0.000 0.000 0.000 0.000 0.000
0.000 0.000 0.000 0.000 0.000 0.000 0.000 0.000
0.000 0.000 0.000 0.000 0.000 0.000 0.000 0.000
0.000 0.000 0.000 0.000 0.000 0.000 0.000 0.000
0.000 0.000 0.000 0.000 0.000 0.000 0.000 0.000
0.000 0.000 0.000 0.000 0.000 0.000 0.000 0.000
0.000 0.000 0.000 0.000 0.000 0.000 0.000 0.000
0.000 0.000 0.000 0.000 0.000 0.000 0.000 0.000
0.000 0.000 0.000 0.000 0.000 0.000 0.000 0.000
0.000 0.000 0.000 0.000 0.000 0.000 0.000 0.000
0.000 0.000 0.000 0.000 0.000 0.000 0.000 0.000
0.000 0.000 0.000 0.000 0.000 0.000 0.000 0.000
0.000 0.000 0.000 0.000 0.000 0.000 0.000 0.000
0.000 0.000 0.000 0.000 0.000 0.000 0.000 0.000
0.000 0.000 0.000 0.000 0.000 0.000 0.000 0.000
0.000 0.000 0.000 0.000 0.000 0.000 0.000 0.000
0.000 0.000 0.000 0.000 0.000 0.000 0.000 0.000
0.000 0.000 0.000 0.000 0.000 0.000 0.000 0.000
0.000 0.000 0.000 0.000 0.000 0.000 0.000 0.000
0.000 0.000 0.000 0.000 0.000 0.000 0.000 0.000
0.000 0.000 0.000 0.000 0.000 0.000 0.000 0.000
0.000 0.000 0.000 0.000 0.000 0.000 0.000 0.000
0.000 0.000 0.000 0.000 0.000 0.000 0.000 0.000
0.000 0.000 0.000 0.000 0.000 0.000 0.000 0.000
0.000 0.000 0.000 0.000 0.000 0.000 0.000 0.000
0.000 0.000 0.000 0.000 0.000 0.000 0.000 0.000
0.000 0.000 0.000 0.000 0.000 0.000 0.000 0.000
0.000 0.000 0.000 0.000 0.000 0.000 0.000 0.000
0.000 0.000 0.000 0.000 0.000 0.000 0.000 0.000
0.000 0.000 0.000 0.000 0.000 0.000 0.000 0.000
0.000 0.000 0.000 0.000 0.000 0.000 0.000 0.000
0.000 0.000 0.000 0.000 0.000 0.000 0.000 0.000
0.000 0.000 0.000 0.000 0.000 0.000 0.000 0.000
0.000 0.000 0.000 0.000 0.000 0.000 0.000 0.000
0.000 0.000 0.000 0.000 0.000 0.000 0.000 0.000
0.000 0.000 0.000 0.000 0.000 0.000 0.000 0.000
0.000 0.000 0.000 0.000 0.000 0.000 0.000 0.000
0.000 0.000 0.000 0.000 0.000 0.000 0.000 0.000
0.000 0.000 0.000 0.000 0.000 0.000 0.000 0.000
0.000 0.000 0.000 0.000 0.000 0.000 0.000 0.000
0.000 0.000 0.000 0.000 0.000 0.000 0.000 0.000
0.000 0.000 0.000 0.000 0.000 0.000 0.000 0.000
0.000 0.000 0.000 0.000 0.000 0.000 0.000 0.000
0.000 0.000 0.000 0.000 0.000 0.000 0.000 0.000
0.000 0.000 0.000 0.000 0.000 0.000 0.000 0.000
0.000 0.000 0.000 0.000 0.000 0.000 0.000 0.000
0.000 0.000 0.000 0.000 0.000 0.000 0.000 0.000
0.000 0.000 0.000 0.000 0.000 0.000 0.000 0.000
0.000 0.000 0.000 0.000 0.000 0.000 0.000 0.000
0.000 0.000 0.000 0.000 0.000 0.000 0.000 0.000
0.000 0.000 0.000 0.000 0.000 0.000 0.000 0.000
0.000 0.000 0.000 0.000 0.000 0.000 0.000 0.000
0.000 0.000 0.000 0.000 0.000 0.000 0.000 0.000
0.000 0.000 0.000 0.000 0.000 0.000 0.000 0.000
0.000 0.000 0.000 0.000 0.000 0.000 0.000 0.000
0.000 0.000 0.000 0.000 0.000 0.000 0.000 0.000
0.000 0.000 0.000 0.000 0.000 0.000 0.000 0.000
0.000 0.000 0.000 0.000 0.000 0.000 0.000 0.000
0.000 0.000 0.000 0.000 0.000 0.000 0.000 0.000
0.000 0.000 0.000 0.000 0.000 0.000 0.000 0.000
0.000 0.000 0.000 0.000 0.000 0.000 0.000 0.000
0.000 0.000 0.000 0.000 0.000 0.000 0.000 0.000
0.000 0.000 0.000 0.000 0.000 0.000 0.000 0.000
0.000 0.000 0.000 0.000 0.000 0.000 0.000 0.000
0.000 0.000 0.000 0.000 0.000 0.000 0.000 0.000
0.000 0.000 0.000 0.000 0.000 0.000 0.000 0.000
0.000 0.000 0.000 0.000 0.000 0.000 0.000 0.000
0.000 0.000 0.000 0.000 0.000 0.000 0.000 0.000
0.000 0.000 0.000 0.000 0.000 0.000 0.000 0.000
0.000 0.000 0.000 0.000 0.000 0.000 0.000 0.000
0.000 0.000 0.000 0.000 0.000 0.000 0.000 0.000
0.000 0.000 0.000 0.000 0.000 0.000 0.000 0.000
0.000 0.000 0.000 0.000 0.000 0.000 0.000 0.000
0.000 0.000 0.000 0.000 0.000 0.000 0.000 0.000
0.000 0.000 0.000 0.000 0.000 0.000 0.000 0.000
0.000 0.000 0.000 0.000 0.000 0.000 0.000 0.000
0.000 0.000 0.000 0.000 0.000 0.000 0.000 0.000
0.000 0.000 0.000 0.000 0.000 0.000 0.000 0.000
0.000 0.000 0.000 0.000 0.000 0.000 0.000 0.000
0.000 0.000 0.000 0.000 0.000 0.000 0.000 0.000
0.000 0.000 0.000 0.000 0.000 0.000 0.000 0.000
0.000 0.000 0.000 0.000 0.000 0.000 0.000 0.000
0.000 0.000 0.000 0.000 0.000 0.000 0.000 0.000
0.000 0.000 0.000 0.000 0.000 0.000 0.000 0.000
0.000 0.000 0.000 0.000 0.000 0.000 0.000 0.000
0.000 0.000 0.000 0.000 0.000 0.000 0.000 0.000
0.000 0.000 0.000 0.000 0.000 0.000 0.000 0.000
0.000 0.000 0.000 0.000 0.000 0.000 0.000 0.000
0.000 0.000 0.000 0.000 0.000 0.000 0.000 0.000
0.000 0.000 0.000 0.000 0.000 0.000 0.000 0.000
0.000 0.000 0.000 0.000 0.000 0.000 0.000 0.000
0.000 0.000 0.000 0.000 0.000 0.000 0.000 0.000
0.000 0.000 0.000 0.000 0.000 0.000 0.000 0.000
0.000 0.000 0.000 0.000 0.000 0.000 0.000 0.000
0.000 0.000 0.000 0.000 0.000 0.000 0.000 0.000
0.000 0.000 0.000 0.000 0.000 0.000 0.000 0.000
0.000 0.000 0.000 0.000 0.000 0.000 0.000 0.000
0.000 0.000 0.000 0.000 0.000 0.000 0.000 0.000
0.000 0.000 0.000 0.000 0.000 0.000 0.000 0.000
0.000 0.000 0.000 0.000 0.000 0.000 0.000 0.000
0.000 0.000 0.000 0.000 0.000 0.000 0.000 0.000
0.000 0.000 0.000 0.000 0.000 0.000 0.000 0.000
0.000 0.000 0.000 0.000 0.000 0.000 0.000 0.000
0.000 0.000 0.000 0.000 0.000 0.000 0.000 0.000
0.000 0.000 0.000 0.000 0.000 0.000 0.000 0.000
0.000 0.000 0.000 0.000 0.000 0.000 0.000 0.000
0.000 0.000 0.000 0.000 0.000 0.000 0.000 0.000
0.000 0.000 0.000 0.000 0.000 0.000 0.000 0.000
0.000 0.000 0.000 0.000 0.000 0.000 0.000 0.000
0.000 0.000 0.000 0.000 0.000 0.000 0.000 0.000
0.000 0.000 0.000 0.000 0.000 0.000 0.000 0.000
0.000 0.000 0.000 0.000 0.000 0.000 0.000 0.000
0.000 0.000 0.000 0.000 0.000 0.000 0.000 0.000
0.000 0.000 0.000 0.000 0.000 0.000 0.000 0.000
0.000 0.000 0.000 0.000 0.000 0.000 0.000 0.000
0.000 0.000 0.000 0.000 0.000 0.000 0.000 0.000
0.000 0.000 0.000 0.000 0.000 0.000 0.000 0.000
0.000 0.000 0.000 0.000 0.000 0.000 0.000 0.000
0.000 0.000 0.000 0.000 0.000 0.000 0.000 0.000
0.000 0.000 0.000 0.000 0.000 0.000 0.000 0.000
0.000 0.000 0.000 0.000 0.000 0.000 0.000 0.000
0.000 0.000 0.000 0.000 0.000 0.000 0.000 0.000
0.000 0.000 0.000 0.000 0.000 0.000 0.000 0.000
0.000 0.000 0.000 0.000 0.000 0.000 0.000 0.000
0.000 0.000 0.000 0.000 0.000 0.000 0.000 0.000
0.000 0.000 0.000 0.000 0.000 0.000 0.000 0.000
0.000 0.000 0.000 0.000 0.000 0.000 0.000 0.000
0.000 0.000 0.000 0.000 0.000 0.000 0.000 0.000
0.000 0.000 0.000 0.000 0.000 0.000 0.000 0.000
0.000 0.000 0.000 0.000 0.000 0.000 0.000 0.000
0.000 0.000 0.000 0.000 0.000 0.000 0.000 0.000
0.000 0.000 0.000 0.000 0.000 0.000 0.000 0.000
0.000 0.000 0.000 0.000 0.000 0.000 0.000 0.000
0.000 0.000 0.000 0.000 0.000 0.000 0.000 0.000
0.000 0.000 0.000 0.000 0.000 0.000 0.000 0.000
0.000 0.000 0.000 0.000 0.000 0.000 0.000 0.000
0.000 0.000 0.000 0.000 0.000 0.000 0.000 0.000
0.000 0.000 0.000 0.000 0.000 0.000 0.000 0.000
0.000 0.000 0.000 0.000 0.000 0.000 0.000 0.000
0.000 0.000 0.000 0.000 0.000 0.000 0.000 0.000
0.000 0.000 0.000 0.000 0.000 0.000 0.000 0.000
0.000 0.000 0.000 0.000 0.000 0.000 0.000 0.000
0.000 0.000 0.000 0.000 0.000 0.000 0.000 0.000
0.000 0.000 0.000 0.000 0.000 0.000 0.000 0.000
0.000 0.000 0.000 0.000 0.000 0.000 0.000 0.000
0.000 0.000 0.000 0.000 0.000 0.000 0.000 0.000
0.000 0.000 0.000 0.000 0.000 0.000 0.000 0.000
0.000 0.000 0.000 0.000 0.000 0.000 0.000 0.000
0.000 0.000 0.000 0.000 0.000 0.000 0.000 0.000
0.000 0.000 0.000 0.000 0.000 0.000 0.000 0.000
0.000 0.000 0.000 0.000 0.000 0.000 0.000 0.000
0.000 0.000 0.000 0.000 0.000 0.000 0.000 0.000
0.000 0.000 0.000 0.000 0.000 0.000 0.000 0.000
0.000 0.000 0.000 0.000 0.000 0.000 0.000 0.000
0.000 0.000 0.000 0.000 0.000 0.000 0.000 0.000
0.000 0.000 0.000 0.000 0.000 0.000 0.000 0.000
0.000 0.000 0.000 0.000 0.000 0.000 0.000 0.000
0.000 0.000 0.000 0.000 0.000 0.000 0.000 0.000
0.000 0.000 0.000 0.000 0.000 0.000 0.000 0.000
0.000 0.000 0.000 0.000 0.000 0.000 0.000 0.000
0.000 0.000 0.000 0.000 0.000 0.000 0.000 0.000
0.000 0.000 0.000 0.000 0.000 0.000 0.000 0.000
0.000 0.000 0.000 0.000 0.000 0.000 0.000 0.000
0.000 0.000 0.000 0.000 0.000 0.000 0.000 0.000
0.000 0.000 0.000 0.000 0.000 0.000 0.000 0.000
0.000 0.000 0.000 0.000 0.000 0.000 0.000 0.000
0.000 0.000 0.000 0.000 0.000 0.000 0.000 0.000
0.000 0.000 0.000 0.000 0.000 0.000 0.000 0.000
0.000 0.000 0.000 0.000 0.000 0.000 0.000 0.000
0.000 0.000 0.000 0.000 0.000 0.000 0.000 0.000
0.000 0.000 0.000 0.000 0.000 0.000 0.000 0.000
0.000 0.000 0.000 0.000 0.000 0.000 0.000 0.000
0.000 0.000 0.000 0.000 0.000 0.000 0.000 0.000
0.000 0.000 0.000 0.000 0.000 0.000 0.000 0.000
0.000 0.000 0.000 0.000 0.000 0.000 0.000 0.000
0.000 0.000 0.000 0.000 0.000 0.000 0.000 0.000
0.000 0.000 0.000 0.000 0.000 0.000 0.000 0.000
0.000 0.000 0.000 0.000 0.000 0.000 0.000 0.000
0.000 0.000 0.000 0.000 0.000 0.000 0.000 0.000
0.000 0.000 0.000 0.000 0.000 0.000 0.000 0.000
0.000 0.000 0.000 0.000 0.000 0.000 0.000 0.000
0.000 0.000 0.000 0.000 0.000 0.000 0.000 0.000
0.000 0.000 0.000 0.000 0.000 0.000 0.000 0.000
0.000 0.000 0.000 0.000 0.000 0.000 0.000 0.000
0.000 0.000 0.000 0.000 0.000 0.000 0.000 0.000
0.000 0.000 0.000 0.000 0.000 0.000 0.000 0.000
0.000 0.000 0.000 0.000 0.000 0.000 0.000 0.000
0.000 0.000 0.000 0.000 0.000 0.000 0.000 0.000
0.000 0.000 0.000 0.000 0.000 0.000 0.000 0.000
0.000 0.000 0.000 0.000 0.000 0.000 0.000 0.000
0.000 0.000 0.000 0.000 0.000 0.000 0.000 0.000
0.000 0.000 0.000 0.000 0.000 0.000 0.000 0.000
0.000 0.000 0.000 0.000 0.000 0.000 0.000 0.000
0.000 0.000 0.000 0.000 0.000 0.000 0.000 0.000
0.000 0.000 0.000 0.000 0.000 0.000 0.000 0.000
0.000 0.000 0.000 0.000 0.000 0.000 0.000 0.000
0.000 0.000 0.000 0.000 0.000 0.000 0.000 0.000
0.000 0.000 0.000 0.000 0.000 0.000 0.000 0.000
0.000 0.000 0.000 0.000 0.000 0.000 0.000 0.000
0.000 0.000 0.000 0.000 0.000 0.000 0.000 0.000
0.000 0.000 0.000 0.000 0.000 0.000 0.000 0.000
0.000 0.000 0.000 0.000 0.000 0.000 0.000 0.000
0.000 0.000 0.000 0.000 0.000 0.000 0.000 0.000
0.000 0.000 0.000 0.000 0.000 0.000 0.000 0.000
0.000 0.000 0.000 0.000 0.000 0.000 0.000 0.000
0.000 0.000 0.000 0.000 0.000 0.000 0.000 0.000
0.000 0.000 0.000 0.000 0.000 0.000 0.000 0.000
0.000 0.000 0.000 0.000 0.000 0.000 0.000 0.000
0.000 0.000 0.000 0.000 0.000 0.000 0.000 0.000
0.000 0.000 0.000 0.000 0.000 0.000 0.000 0.000
0.000 0.000 0.000 0.000 0.000 0.000 0.000 0.000
0.000 0.000 0.000 0.000 0.000 0.000 0.000 0.000
0.000 0.000 0.000 0.000 0.000 0.000 0.000 0.000
0.000 0.000 0.000 0.000 0.000 0.000 0.000 0.000
0.000 0.000 0.000 0.000 0.000 0.000 0.000 0.000
0.000 0.000 0.000 0.000 0.000 0.000 0.000 0.000
0.000 0.000 0.000 0.000 0.000 0.000 0.000 0.000
0.000 0.000 0.000 0.000 0.000 0.000 0.000 0.000
0.000 0.000 0.000 0.000 0.000 0.000 0.000 0.000
0.000 0.000 0.000 0.000 0.000 0.000 0.000 0.000
0.000 0.000 0.000 0.000 0.000 0.000 0.000 0.000
0.000 0.000 0.000 0.000 0.000 0.000 0.000 0.000
0.000 0.000 0.000 0.000 0.000 0.000 0.000 0.000
0.000 0.000 0.000 0.000 0.000 0.000 0.000 0.000
0.000 0.000 0.000 0.000 0.000 0.000 0.000 0.000
0.000 0.000 0.000 0.000 0.000 0.000 0.000 0.000
0.000 0.000 0.000 0.000 0.000 0.000 0.000 0.000
0.000 0.000 0.000 0.000 0.000 0.000 0.000 0.000
0.000 0.000 0.000 0.000 0.000 0.000 0.000 0.000
0.000 0.000 0.000 0.000 0.000 0.000 0.000 0.000
0.000 0.000 0.000 0.000 0.000 0.000 0.000 0.000
0.000 0.000 0.000 0.000 0.000 0.000 0.000 0.000
0.000 0.000 0.000 0.000 0.000 0.000 0.000 0.000
0.000 0.000 0.000 0.000 0.000 0.000 0.000 0.000
0.000 0.000 0.000 0.000 0.000 0.000 0.000 0.000
0.000 0.000 0.000 0.000 0.000 0.000 0.000 0.000
0.000 0.000 0.000 0.000 0.000 0.000 0.000 0.000
0.000 0.000 0.000 0.000 0.000 0.000 0.000 0.000
0.000 0.000 0.000 0.000 0.000 0.000 0.000 0.000
0.000 0.000 0.000 0.000 0.000 0.000 0.000 0.000
0.000 0.000 0.000 0.000 0.000 0.000 0.000 0.000
0.000 0.000 0.000 0.000 0.000 0.000 0.000 0.000
0.000 0.000 0.000 0.000 0.000 0.000 0.000 0.000
0.000 0.000 0.000 0.000 0.000 0.000 0.000 0.000
0.000 0.000 0.000 0.000 0.000 0.000 0.000 0.000
0.000 0.000 0.000 0.000 0.000 0.000 0.000 0.000
0.000 0.000 0.000 0.000 0.000 0.000 0.000 0.000
0.000 0.000 0.000 0.000 0.000 0.000 0.000 0.000
0.000 0.000 0.000 0.000 0.000 0.000 0.000 0.000
0.000 0.000 0.000 0.000 0.000 0.000 0.000 0.000
0.000 0.000 0.000 0.000 0.000 0.000 0.000 0.000
0.000 0.000 0.000 0.000 0.000 0.000 0.000 0.000
0.000 0.000 0.000 0.000 0.000 0.000 0.000 0.000
0.000 0.000 0.000 0.000 0.000 0.000 0.000 0.000
0.000 0.000 0.000 0.000 0.000 0.000 0.000 0.000
0.000 0.000 0.000 0.000 0.000 0.000 0.000 0.000
0.000 0.000 0.000 0.000 0.000 0.000 0.000 0.000
0.000 0.000 0.000 0.000 0.000 0.000 0.000 0.000
0.000 0.000 0.000 0.000 0.000 0.000 0.000 0.000
0.000 0.000 0.000 0.000 0.000 0.000 0.000 0.000
0.000 0.000 0.000 0.000 0.000 0.000 0.000 0.000
0.000 0.000 0.000 0.000 0.000 0.000 0.000 0.000
0.000 0.000 0.000 0.000 0.000 0.000 0.000 0.000
0.000 0.000 0.000 0.000 0.000 0.000 0.000 0.000
0.000 0.000 0.000 0.000 0.000 0.000 0.000 0.000
0.000 0.000 0.000 0.000 0.000 0.000 0.000 0.000
0.000 0.000 0.000 0.000 0.000 0.000 0.000 0.000
0.000 0.000 0.000 0.000 0.000 0.000 0.000 0.000
0.000 0.000 0.000 0.000 0.000 0.000 0.000 0.000
0.000 0.000 0.000 0.000 0.000 0.000 0.000 0.000
0.000 0.000 0.000 0.000 0.000 0.000 0.000 0.000
0.000 0.000 0.000 0.000 0.000 0.000 0.000 0.000
0.000 0.000 0.000 0.000 0.000 0.000 0.000 0.000
0.000 0.000 0.000 0.000 0.000 0.000 0.000 0.000
0.000 0.000 0.000 0.000 0.000 0.000 0.000 0.000
0.000 0.000 0.000 0.000 0.000 0.000 0.000 0.000
0.000 0.000 0.000 0.000 0.000 0.000 0.000 0.000
0.000 0.000 0.000 0.000 0.000 0.000 0.000 0.000
0.000 0.000 0.000 0.000 0.000 0.000 0.000 0.000
0.000 0.000 0.000 0.000 0.000 0.000 0.000 0.000
0.000 0.000 0.000 0.000 0.000 0.000 0.000 0.000
0.000 0.000 0.000 0.000 0.000 0.000 0.000 0.000
0.000 0.000 0.000 0.000 0.000 0.000 0.000 0.000
0.000 0.000 0.000 0.000 0.000 0.000 0.000 0.000
0.000 0.000 0.000 0.000 0.000 0.000 0.000 0.000
0.000 0.000 0.000 0.000 0.000 0.000 0.000 0.000
0.000 0.000 0.000 0.000 0.000 0.000 0.000 0.000
0.000 0.000 0.000 0.000 0.000 0.000 0.000 0.000
0.000 0.000 0.000 0.000 0.000 0.000 0.000 0.000
0.000 0.000 0.000 0.000 0.000 0.000 0.000 0.000
0.000 0.000 0.000 0.000 0.000 0.000 0.000 0.000
0.000 0.000 0.000 0.000 0.000 0.000 0.000 0.000
0.000 0.000 0.000 0.000 0.000 0.000 0.000 0.000
0.000 0.000 0.000 0.000 0.000 0.000 0.000 0.000
0.000 0.000 0.000 0.000 0.000 0.000 0.000 0.000
0.000 0.000 0.000 0.000 0.000 0.000 0.000 0.000
0.000 0.000 0.000 0.000 0.000 0.000 0.000 0.000
0.000 0.000 0.000 0.000 0.000 0.000 0.000 0.000
0.000 0.000 0.000 0.000 0.000 0.000 0.000 0.000
0.000 0.000 0.000 0.000 0.000 0.000 0.000 0.000
0.000 0.000 0.000 0.000 0.000 0.000 0.000 0.000
0.000 0.000 0.000 0.000 0.000 0.000 0.000 0.000
0.000 0.000 0.000 0.000 0.000 0.000 0.000 0.000
0.000 0.000 0.000 0.000 0.000 0.000 0.000 0.000
0.000 0.000 0.000 0.000 0.000 0.000 0.000 0.000
0.000 0.000 0.000 0.000 0.000 0.000 0.000 0.000
0.000 0.000 0.000 0.000 0.000 0.000 0.000 0.000
0.000 0.000 0.000 0.000 0.000 0.000 0.000 0.000
0.000 0.000 0.000 0.000 0.000 0.000 0.000 0.000
0.000 0.000 0.000 0.000 0.000 0.000 0.000 0.000
0.000 0.000 0.000 0.000 0.000 0.000 0.000 0.000
0.000 0.000 0.000 0.000 0.000 0.000 0.000 0.000
0.000 0.000 0.000 0.000 0.000 0.000 0.000 0.000
0.000 0.000 0.000 0.000 0.000 0.000 0.000 0.000
0.000 0.000 0.000 0.000 0.000 0.000 0.000 0.000
0.000 0.000 0.000 0.000 0.000 0.000 0.000 0.000
0.000 0.000 0.000 0.000 0.000 0.000 0.000 0.000
0.000 0.000 0.000 0.000 0.000 0.000 0.000 0.000
0.000 0.000 0.000 0.000 0.000 0.000 0.000 0.000
0.000 0.000 0.000 0.000 0.000 0.000 0.000 0.000
0.000 0.000 0.000 0.000 0.000 0.000 0.000 0.000
0.000 0.000 0.000 0.000 0.000 0.000 0.000 0.000
0.000 0.000 0.000 0.000 0.000 0.000 0.000 0.000
0.000 0.000 0.000 0.000 0.000 0.000 0.000 0.000
0.000 0.000 0.000 0.000 0.000 0.000 0.000 0.000
0.000 0.000 0.000 0.000 0.000 0.000 0.000 0.000
0.000 0.000 0.000 0.000 0.000 0.000 0.000 0.000
0.000 0.000 0.000 0.000 0.000 0.000 0.000 0.000
0.000 0.000 0.000 0.000 0.000 0.000 0.000 0.000
0.000 0.000 0.000 0.000 0.000 0.000 0.000 0.000
0.000 0.000 0.000 0.000 0.000 0.000 0.000 0.000
0.000 0.000 0.000 0.000 0.000 0.000 0.000 0.000
0.000 0.000 0.000 0.000 0.000 0.000 0.000 0.000
0.000 0.000 0.000 0.000 0.000 0.000 0.000 0.000
0.000 0.000 0.000 0.000 0.000 0.000 0.000 0.000
0.000 0.000 0.000 0.000 0.000 0.000 0.000 0.000
0.000 0.000 0.000 0.000 0.000 0.000 0.000 0.000
0.000 0.000 0.000 0.000 0.000 0.000 0.000 0.000
0.000 0.000 0.000 0.000 0.000 0.000 0.000 0.000
0.000 0.000 0.000 0.000 0.000 0.000 0.000 0.000
0.000 0.000 0.000 0.000 0.000 0.000 0.000 0.000
0.000 0.000 0.000 0.000 0.000 0.000 0.000 0.000
0.000 0.000 0.000 0.000 0.000 0.000 0.000 0.000
0.000 0.000 0.000 0.000 0.000 0.000 0.000 0.000
0.000 0.000 0.000 0.000 0.000 0.000 0.000 0.000
0.000 0.000 0.000 0.000 0.000 0.000 0.000 0.000
0.000 0.000 0.000 0.000 0.000 0.000 0.000 0.000
0.000 0.000 0.000 0.000 0.000 0.000 0.000 0.000
0.000 0.000 0.000 0.000 0.000 0.000 0.000 0.000
0.000 0.000 0.000 0.000 0.000 0.000 0.000 0.000
0.000 0.000 0.000 0.000 0.000 0.000 0.000 0.000
0.000 0.000 0.000 0.000 0.000 0.000 0.000 0.000
0.000 0.000 0.000 0.000 0.000 0.000 0.000 0.000
0.000 0.000 0.000 0.000 0.000 0.000 0.000 0.000
0.000 0.000 0.000 0.000 0.000 0.000 0.000 0.000
0.000 0.000 0.000 0.000 0.000 0.000 0.000 0.000
0.000 0.000 0.000 0.000 0.000 0.000 0.000 0.000
0.000 0.000 0.000 0.000 0.000 0.000 0.000 0.000
0.000 0.000 0.000 0.000 0.000 0.000 0.000 0.000
0.000 0.000 0.000 0.000 0.000 0.000 0.000 0.000
0.000 0.000 0.000 0.000 0.000 0.000 0.000 0.000
0.000 0.000 0.000 0.000 0.000 0.000 0.000 0.000
0.000 0.000 0.000 0.000 0.000 0.000 0.000 0.000
0.000 0.000 0.000 0.000 0.000 0.000 0.000 0.000
0.000 0.000 0.000 0.000 0.000 0.000 0.000 0.000
0.000 0.000 0.000 0.000 0.000 0.000 0.000 0.000
0.000 0.000 0.000 0.000 0.000 0.000 0.000 0.000
0.000 0.000 0.000 0.000 0.000 0.000 0.000 0.000
0.000 0.000 0.000 0.000 0.000 0.000 0.000 0.000
0.000 0.000 0.000 0.000 0.000 0.000 0.000 0.000
0.000 0.000 0.000 0.000 0.000 0.000 0.000 0.000
0.000 0.000 0.000 0.000 0.000 0.000 0.000 0.000
0.000 0.000 0.000 0.000 0.000 0.000 0.000 0.000
0.000 0.000 0.000 0.000 0.000 0.000 0.000 0.000
0.000 0.000 0.000 0.000 0.000 0.000 0.000 0.000
0.000 0.000 0.000 0.000 0.000 0.000 0.000 0.000
0.000 0.000 0.000 0.000 0.000 0.000 0.000 0.000
0.000 0.000 0.000 0.000 0.000 0.000 0.000 0.000
0.000 0.000 0.000 0.000 0.000 0.000 0.000 0.000
0.000 0.000 0.000 0.000 0.000 0.000 0.000 0.000
0.000 0.000 0.000 0.000 0.000 0.000 0.000 0.000
0.000 0.000 0.000 0.000 0.000 0.000 0.000 0.000
0.000 0.000 0.000 0.000 0.000 0.000 0.000 0.000
0.000 0.000 0.000 0.000 0.000 0.000 0.000 0.000
0.000 0.000 0.000 0.000 0.000 0.000 0.000 0.000
0.000 0.000 0.000 0.000 0.000 0.000 0.000 0.000
0.000 0.000 0.000 0.000 0.000 0.000 0.000 0.000
0.000 0.000 0.000 0.000 0.000 0.000 0.000 0.000
0.000 0.000 0.000 0.000 0.000 0.000 0.000 0.000
0.000 0.000 0.000 0.000 0.000 0.000 0.000 0.000
0.000 0.000 0.000 0.000 0.000 0.000 0.000 0.000
0.000 0.000 0.000 0.000 0.000 0.000 0.000 0.000
0.000 0.000 0.000 0.000 0.000 0.000 0.000 0.000
0.000 0.000 0.000 0.000 0.000 0.000 0.000 0.000
0.000 0.000 0.000 0.000 0.000 0.000 0.000 0.000
0.000 0.000 0.000 0.000 0.000 0.000 0.000 0.000
0.000 0.000 0.000 0.000 0.000 0.000 0.000 0.000
0.000 0.000 0.000 0.000 0.000 0.000 0.000 0.000
0.000 0.000 0.000 0.000 0.000 0.000 0.000 0.000
0.000 0.000 0.000 0.000 0.000 0.000 0.000 0.000
0.000 0.000 0.000 0.000 0.000 0.000 0.000 0.000
0.000 0.000 0.000 0.000 0.000 0.000 0.000 0.000
0.000 0.000 0.000 0.000 0.000 0.000 0.000 0.000
0.000 0.000 0.000 0.000 0.000 0.000 0.000 0.000
0.000 0.000 0.000 0.000 0.000 0.000 0.000 0.000
0.000 0.000 0.000 0.000 0.000 0.000 0.000 0.000
0.000 0.000 0.000 0.000 0.000 0.000 0.000 0.000
0.000 0.000 0.000 0.000 0.000 0.000 0.000 0.000
0.000 0.000 0.000 0.000 0.000 0.000 0.000 0.000
0.000 0.000 0.000 0.000 0.000 0.000 0.000 0.000
0.000 0.000 0.000 0.000 0.000 0.000 0.000 0.000
0.000 0.000 0.000 0.000 0.000 0.000 0.000 0.000
0.000 0.000 0.000 0.000 0.000 0.000 0.000 0.000
0.000 0.000 0.000 0.000 0.000 0.000 0.000 0.000
0.000 0.000 0.000 0.000 0.000 0.000 0.000 0.000
0.000 0.000 0.000 0.000 0.000 0.000 0.000 0.000
0.000 0.000 0.000 0.000 0.000 0.000 0.000 0.000
0.000 0.000 0.000 0.000 0.000 0.000 0.000 0.000
0.000 0.000 0.000 0.000 0.000 0.000 0.000 0.000
0.000 0.000 0.000 0.000 0.000 0.000 0.000 0.000
0.000 0.000 0.000 0.000 0.000 0.000 0.000 0.000
0.000 0.000 0.000 0.000 0.000 0.000 0.000 0.000
0.000 0.000 0.000 0.000 0.000 0.000 0.000 0.000
0.000 0.000 0.000 0.000 0.000 0.000 0.000 0.000
0.000 0.000 0.000 0.000 0.000 0.000 0.000 0.000
0.000 0.000 0.000 0.000 0.000 0.000 0.000 0.000
0.000 0.000 0.000 0.000 0.000 0.000 0.000 0.000
0.000 0.000 0.000 0.000 0.000 0.000 0.000 0.000
0.000 0.000 0.000 0.000 0.000 0.000 0.000 0.000
0.000 0.000 0.000 0.000 0.000 0.000 0.000 0.000
0.000 0.000 0.000 0.000 0.000 0.000 0.000 0.000
0.000 0.000 0.000 0.000 0.000 0.000 0.000 0.000
0.000 0.000 0.000 0.000 0.000 0.000 0.000 0.000
0.000 0.000 0.000 0.000 0.000 0.000 0.000 0.000
0.000 0.000 0.000 0.000 0.000 0.000 0.000 0.000
0.000 0.000 0.000 0.000 0.000 0.000 0.000 0.000
0.000 0.000 0.000 0.000 0.000 0.000 0.000 0.000
0.000 0.000 0.000 0.000 0.000 0.000 0.000 0.000
0.000 0.000 0.000 0.000 0.000 0.000 0.000 0.000
0.000 0.000 0.000 0.000 0.000 0.000 0.000 0.000
0.000 0.000 0.000 0.000 0.000 0.000 0.000 0.000
0.000 0.000 0.000 0.000 0.000 0.000 0.000 0.000
0.000 0.000 0.000 0.000 0.000 0.000 0.000 0.000
0.000 0.000 0.000 0.000 0.000 0.000 0.000 0.000
0.000 0.000 0.000 0.000 0.000 0.000 0.000 0.000
0.000 0.000 0.000 0.000 0.000 0.000 0.000 0.000
0.000 0.000 0.000 0.000 0.000 0.000 0.000 0.000
0.000 0.000 0.000 0.000 0.000 0.000 0.000 0.000
0.000 0.000 0.000 0.000 0.000 0.000 0.000 0.000
0.000 0.000 0.000 0.000 0.000 0.000 0.000 0.000
0.000 0.000 0.000 0.000 0.000 0.000 0.000 0.000
0.000 0.000 0.000 0.000 0.000 0.000 0.000 0.000
0.000 0.000 0.000 0.000 0.000 0.000 0.000 0.000
0.000 0.000 0.000 0.000 0.000 0.000 0.000 0.000
0.000 0.000 0.000 0.000 0.000 0.000 0.000 0.000
0.000 0.000 0.000 0.000 0.000 0.000 0.000 0.000
0.000 0.000 0.000 0.000 0.000 0.000 0.000 0.000
0.000 0.000 0.000 0.000 0.000 0.000 0.000 0.000
0.000 0.000 0.000 0.000 0.000 0.000 0.000 0.000
0.000 0.000 0.000 0.000 0.000 0.000 0.000 0.000
0.000 0.000 0.000 0.000 0.000 0.000 0.000 0.000
0.000 0.000 0.000 0.000 0.000 0.000 0.000 0.000
0.000 0.000 0.000 0.000 0.000 0.000 0.000 0.000
0.000 0.000 0.000 0.000 0.000 0.000 0.000 0.000
0.000 0.000 0.000 0.000 0.000 0.000 0.000 0.000
0.000 0.000 0.000 0.000 0.000 0.000 0.000 0.000
0.000 0.000 0.000 0.000 0.000 0.000 0.000 0.000
0.000 0.000 0.000 0.000 0.000 0.000 0.000 0.000
0.000 0.000 0.000 0.000 0.000 0.000 0.000 0.000
0.000 0.000 0.000 0.000 0.000 0.000 0.000 0.000
0.000 0.000 0.000 0.000 0.000 0.000 0.000 0.000
0.000 0.000 0.000 0.000 0.000 0.000 0.000 0.000
0.000 0.000 0.000 0.000 0.000 0.000 0.000 0.000
0.000 0.000 0.000 0.000 0.000 0.000 0.000 0.000
0.000 0.000 0.000 0.000 0.000 0.000 0.000 0.000
0.000 0.000 0.000 0.000 0.000 0.000 0.000 0.000
0.000 0.000 0.000 0.000 0.000 0.000 0.000 0.000
0.000 0.000 0.000 0.000 0.000 0.000 0.000 0.000
0.000 0.000 0.000 0.000 0.000 0.000 0.000 0.000
0.000 0.000 0.000 0.000 0.000 0.000 0.000 0.000
0.000 0.000 0.000 0.000 0.000 0.000 0.000 0.000
0.000 0.000 0.000 0.000 0.000 0.000 0.000 0.000
0.000 0.000 0.000 0.000 0.000 0.000 0.000 0.000
0.000 0.000 0.000 0.000 0.000 0.000 0.000 0.000
0.000 0.000 0.000 0.000 0.000 0.000 0.000 0.000
0.000 0.000 0.000 0.000 0.000 0.000 0.000 0.000
0.000 0.000 0.000 0.000 0.000 0.000 0.000 0.000
0.000 0.000 0.000 0.000 0.000 0.000 0.000 0.000
0.000 0.000 0.000 0.000 0.000 0.000 0.000 0.000
0.000 0.000 0.000 0.000 0.000 0.000 0.000 0.000
0.000 0.000 0.000 0.000 0.000 0.000 0.000 0.000
0.000 0.000 0.000 0.000 0.000 0.000 0.000 0.000
0.000 0.000 0.000 0.000 0.000 0.000 0.000 0.000
0.000 0.000 0.000 0.000 0.000 0.000 0.000 0.000
0.000 0.000 0.000 0.000 0.000 0.000 0.000 0.000
0.000 0.000 0.000 0.000 0.000 0.000 0.000 0.000
0.000 0.000 0.000 0.000 0.000 0.000 0.000 0.000
0.000 0.000 0.000 0.000 0.000 0.000 0.000 0.000
0.000 0.000 0.000 0.000 0.000 0.000 0.000 0.000
0.000 0.000 0.000 0.000 0.000 0.000 0.000 0.000
0.000 0.000 0.000 0.000 0.000 0.000 0.000 0.000
0.000 0.000 0.000 0.000 0.000 0.000 0.000 0.000
0.000 0.000 0.000 0.000 0.000 0.000 0.000 0.000
0.000 0.000 0.000 0.000 0.000 0.000 0.000 0.000
0.000 0.000 0.000 0.000 0.000 0.000 0.000 0.000
0.000 0.000 0.000 0.000 0.000 0.000 0.000 0.000
0.000 0.000 0.000 0.000 0.000 0.000 0.000 0.000
0.000 0.000 0.000 0.000 0.000 0.000 0.000 0.000
0.000 0.000 0.000 0.000 0.000 0.000 0.000 0.000
0.000 0.000 0.000 0.000 0.000 0.000 0.000 0.000
0.000 0.000 0.000 0.000 0.000 0.000 0.000 0.000
0.000 0.000 0.000 0.000 0.000 0.000 0.000 0.000
0.000 0.000 0.000 0.000 0.000 0.000 0.000 0.000
0.000 0.000 0.000 0.000 0.000 0.000 0.000 0.000
0.000 0.000 0.000 0.000 0.000 0.000 0.000 0.000
0.000 0.000 0.000 0.000 0.000 0.000 0.000 0.000
0.000 0.000 0.000 0.000 0.000 0.000 0.000 0.000
0.000 0.000 0.000 0.000 0.000 0.000 0.000 0.000
0.000 0.000 0.000 0.000 0.000 0.000 0.000 0.000
0.000 0.000 0.000 0.000 0.000 0.000 0.000 0.000
0.000 0.000 0.000 0.000 0.000 0.000 0.000 0.000
0.000 0.000 0.000 0.000 0.000 0.000 0.000 0.000
0.000 0.000 0.000 0.000 0.000 0.000 0.000 0.000
0.000 0.000 0.000 0.000 0.000 0.000 0.000 0.000
0.000 0.000 0.000 0.000 0.000 0.000 0.000 0.000
0.000 0.000 0.000 0.000 0.000 0.000 0.000 0.000
0.000 0.000 0.000 0.000 0.000 0.000 0.000 0.000
0.000 0.000 0.000 0.000 0.000 0.000 0.000 0.000
0.000 0.000 0.000 0.000 0.000 0.000 0.000 0.000
0.000 0.000 0.000 0.000 0.000 0.000 0.000 0.000
0.000 0.000 0.000 0.000 0.000 0.000 0.000 0.000
0.000 0.000 0.000 0.000 0.000 0.000 0.000 0.000
0.000 0.000 0.000 0.000 0.000 0.000 0.000 0.000
0.000 0.000 0.000 0.000 0.000 0.000 0.000 0.000
0.000 0.000 0.000 0.000 0.000 0.000 0.000 0.000
0.000 0.000 0.000 0.000 0.000 0.000 0.000 0.000
0.000 0.000 0.000 0.000 0.000 0.000 0.000 0.000
0.000 0.000 0.000 0.000 0.000 0.000 0.000 0.000
0.000 0.000 0.000 0.000 0.000 0.000 0.000 0.000
0.000 0.000 0.000 0.000 0.000 0.000 0.000 0.000
0.000 0.000 0.000 0.000 0.000 0.000 0.000 0.000
0.000 0.000 0.000 0.000 0.000 0.000 0.000 0.000
0.000 0.000 0.000 0.000 0.000 0.000 0.000 0.000
0.000 0.000 0.000 0.000 0.000 0.000 0.000 0.000
0.000 0.000 0.000 0.000 0.000 0.000 0.000 0.000
0.000 0.000 0.000 0.000 0.000 0.000 0.000 0.000
0.000 0.000 0.000 0.000 0.000 0.000 0.000 0.000
0.000 0.000 0.000 0.000 0.000 0.000 0.000 0.000
0.000 0.000 0.000 0.000 0.000 0.000 0.000 0.000
0.000 0.000 0.000 0.000 0.000 0.000 0.000 0.000
0.000 0.000 0.000 0.000 0.000 0.000 0.000 0.000
0.000 0.000 0.000 0.000 0.000 0.000 0.000 0.000
0.000 0.000 0.000 0.000 0.000 0.000 0.000 0.000
0.000 0.000 0.000 0.000 0.000 0.000 0.000 0.000
0.000 0.000 0.000 0.000 0.000 0.000 0.000 0.000
0.000 0.000 0.000 0.000 0.000 0.000 0.000 0.000
0.000 0.000 0.000 0.000 0.000 0.000 0.000 0.000
0.000 0.000 0.000 0.000 0.000 0.000 0.000 0.000
0.000 0.000 0.000 0.000 0.000 0.000 0.000 0.000
0.000 0.000 0.000 0.000 0.000 0.000 0.000 0.000
0.000 0.000 0.000 0.000 0.000 0.000 0.000 0.000
0.000 0.000 0.000 0.000 0.000 0.000 0.000 0.000
0.000 0.000 0.000 0.000 0.000 0.000 0.000 0.000
0.000 0.000 0.000 0.000 0.000 0.000 0.000 0.000
0.000 0.000 0.000 0.000 0.000 0.000 0.000 0.000
0.000 0.000 0.000 0.000 0.000 0.000 0.000 0.000
0.000 0.000 0.000 0.000 0.000 0.000 0.000 0.000
0.000 0.000 0.000 0.000 0.000 0.000 0.000 0.000
0.000 0.000 0.000 0.000 0.000 0.000 0.000 0.000
0.000 0.000 0.000 0.000 0.000 0.000 0.000 0.000
0.000 0.000 0.000 0.000 0.000 0.000 0.000 0.000
0.000 0.000 0.000 0.000 0.000 0.000 0.000 0.000
0.000 0.000 0.000 0.000 0.000 0.000 0.000 0.000
0.000 0.000 0.000 0.000 0.000 0.000 0.000 0.000
0.000 0.000 0.000 0.000 0.000 0.000 0.000 0.000
0.000 0.000 0.000 0.000 0.000 0.000 0.000 0.000
0.000 0.000 0.000 0.000 0.000 0.000 0.000 0.000
0.000 0.000 0.000 0.000 0.000 0.000 0.000 0.000
0.000 0.000 0.000 0.000 0.000 0.000 0.000 0.000
0.000 0.000 0.000 0.000 0.000 0.000 0.000 0.000
0.000 0.000 0.000 0.000 0.000 0.000 0.000 0.000
0.000 0.000 0.000 0.000 0.000 0.000 0.000 0.000
0.000 0.000 0.000 0.000 0.000 0.000 0.000 0.000
0.000 0.000 0.000 0.000 0.000 0.000 0.000 0.000
0.000 0.000 0.000 0.000 0.000 0.000 0.000 0.000
0.000 0.000 0.000 0.000 0.000 0.000 0.000 0.000
0.000 0.000 0.000 0.000 0.000 0.000 0.000 0.000
0.000 0.000 0.000 0.000 0.000 0.000 0.000 0.000
0.000 0.000 0.000 0.000 0.000 0.000 0.000 0.000
0.000 0.000 0.000 0.000 0.000 0.000 0.000 0.000
0.000 0.000 0.000 0.000 0.000 0.000 0.000 0.000
0.000 0.000 0.000 0.000 0.000 0.000 0.000 0.000
0.000 0.000 0.000 0.000 0.000 0.000 0.000 0.000
0.000 0.000 0.000 0.000 0.000 0.000 0.000 0.000
0.000 0.000 0.000 0.000 0.000 0.000 0.000 0.000
0.000 0.000 0.000 0.000 0.000 0.000 0.000 0.000
0.000 0.000 0.000 0.000 0.000 0.000 0.000 0.000
0.000 0.000 0.000 0.000 0.000 0.000 0.000 0.000
0.000 0.000 0.000 0.000 0.000 0.000 0.000 0.000
0.000 0.000 0.000 0.000 0.000 0.000 0.000 0.000
0.000 0.000 0.000 0.000 0.000 0.000 0.000 0.000
0.000 0.000 0.000 0.000 0.000 0.000 0.000 0.000
0.000 0.000 0.000 0.000 0.000 0.000 0.000 0.000
0.000 0.000 0.000 0.000 0.000 0.000 0.000 0.000
0.000 0.000 0.000 0.000 0.000 0.000 0.000 0.000
0.000 0.000 0.000 0.000 0.000 0.000 0.000 0.000
0.000 0.000 0.000 0.000 0.000 0.000 0.000 0.000
0.000 0.000 0.000 0.000 0.000 0.000 0.000 0.000
0.000 0.000 0.000 0.000 0.000 0.000 0.000 0.000
0.000 0.000 0.000 0.000 0.000 0.000 0.000 0.000
0.000 0.000 0.000 0.000 0.000 0.000 0.000 0.000
0.000 0.000 0.000 0.000 0.000 0.000 0.000 0.000
0.000 0.000 0.000 0.000 0.000 0.000 0.000 0.000
0.000 0.000 0.000 0.000 0.000 0.000 0.000 0.000
0.000 0.000 0.000 0.000 0.000 0.000 0.000 0.000
0.000 0.000 0.000 0.000 0.000 0.000 0.000 0.000
0.000 0.000 0.000 0.000 0.000 0.000 0.000 0.000
0.000 0.000 0.000 0.000 0.000 0.000 0.000 0.000
0.000 0.000 0.000 0.000 0.000 0.000 0.000 0.000
0.000 0.000 0.000 0.000 0.000 0.000 0.000 0.000
0.000 0.000 0.000 0.000 0.000 0.000 0.000 0.000
0.000 0.000 0.000 0.000 0.000 0.000 0.000 0.000
0.000 0.000 0.000 0.000 0.000 0.000 0.000 0.000
0.000 0.000 0.000 0.000 0.000 0.000 0.000 0.000
0.000 0.000 0.000 0.000 0.000 0.000 0.000 0.000
0.000 0.000 0.000 0.000 0.000 0.000 0.000 0.000
0.000 0.000 0.000 0.000 0.000 0.000 0.000 0.000
0.000 0.000 0.000 0.000 0.000 0.000 0.000 0.000
0.000 0.000 0.000 0.000 0.000 0.000 0.000 0.000
0.000 0.000 0.000 0.000 0.000 0.000 0.000 0.000
0.000 0.000 0.000 0.000 0.000 0.000 0.000 0.000
0.000 0.000 0.000 0.000 0.000 0.000 0.000 0.000
0.000 0.000 0.000 0.000 0.000 0.000 0.000 0.000
0.000 0.000 0.000 0.000 0.000 0.000 0.000 0.000
0.000 0.000 0.000 0.000 0.000 0.000 0.000 0.000
0.000 0.000 0.000 0.000 0.000 0.000 0.000 0.000
0.000 0.000 0.000 0.000 0.000 0.000 0.000 0.000
0.000 0.000 0.000 0.000 0.000 0.000 0.000 0.000
0.000 0.000 0.000 0.000 0.000 0.000 0.000 0.000
0.000 0.000 0.000 0.000 0.000 0.000 0.000 0.000
0.000 0.000 0.000 0.000 0.000 0.000 0.000 0.000
0.000 0.000 0.000 0.000 0.000 0.000 0.000 0.000
0.000 0.000 0.000 0.000 0.000 0.000 0.000 0.000
0.000 0.000 0.000 0.000 0.000 0.000 0.000 0.000
0.000 0.000 0.000 0.000 0.000 0.000 0.000 0.000
0.000 0.000 0.000 0.000 0.000 0.000 0.000 0.000
0.000 0.000 0.000 0.000 0.000 0.000 0.000 0.000
0.000 0.000 0.000 0.000 0.000 0.000 0.000 0.000
0.000 0.000 0.000 0.000 0.000 0.000 0.000 0.000
0.000 0.000 0.000 0.000 0.000 0.000 0.000 0.000
0.000 0.000 0.000 0.000 0.000 0.000 0.000 0.000
0.000 0.000 0.000 0.000 0.000 0.000 0.000 0.000
0.000 0.000 0.000 0.000 0.000 0.000 0.000 0.000
0.000 0.000 0.000 0.000 0.000 0.000 0.000 0.000
0.000 0.000 0.000 0.000 0.000 0.000 0.000 0.000
0.000 0.000 0.000 0.000 0.000 0.000 0.000 0.000
0.000 0.000 0.000 0.000 0.000 0.000 0.000 0.000
0.000 0.000 0.000 0.000 0.000 0.000 0.000 0.000
0.000 0.000 0.000 0.000 0.000 0.000 0.000 0.000
0.000 0.000 0.000 0.000 0.000 0.000 0.000 0.000
0.000 0.000 0.000 0.000 0.000 0.000 0.000 0.000
0.000 0.000 0.000 0.000 0.000 0.000 0.000 0.000
0.000 0.000 0.000 0.000 0.000 0.000 0.000 0.000
0.000 0.000 0.000 0.000 0.000 0.000 0.000 0.000
0.000 0.000 0.000 0.000 0.000 0.000 0.000 0.000
0.000 0.000 0.000 0.000 0.000 0.000 0.000 0.000
0.000 0.000 0.000 0.000 0.000 0.000 0.000 0.000
0.000 0.000 0.000 0.000 0.000 0.000 0.000 0.000
0.000 0.000 0.000 0.000 0.000 0.000 0.000 0.000
0.000 0.000 0.000 0.000 0.000 0.000 0.000 0.000
0.000 0.000 0.000 0.000 0.000 0.000 0.000 0.000
0.000 0.000 0.000 0.000 0.000 0.000 0.000 0.000
0.000 0.000 0.000 0.000 0.000 0.000 0.000 0.000
0.000 0.000 0.000 0.000 0.000 0.000 0.000 0.000
0.000 0.000 0.000 0.000 0.000 0.000 0.000 0.000
0.000 0.000 0.000 0.000 0.000 0.000 0.000 0.000
0.000 0.000 0.000 0.000 0.000 0.000 0.000 0.000
0.000 0.000 0.000 0.000 0.000 0.000 0.000 0.000
0.000 0.000 0.000 0.000 0.000 0.000 0.000 0.000
0.000 0.000 0.000 0.000 0.000 0.000 0.000 0.000
0.000 0.000 0.000 0.000 0.000 0.000 0.000 0.000
0.000 0.000 0.000 0.000 0.000 0.000 0.000 0.000
0.000 0.000 0.000 0.000 0.000 0.000 0.000 0.000
0.000 0.000 0.000 0.000 0.000 0.000 0.000 0.000
0.000 0.000 0.000 0.000 0.000 0.000 0.000 0.000
0.000 0.000 0.000 0.000 0.000 0.000 0.000 0.000
0.000 0.000 0.000 0.000 0.000 0.000 0.000 0.000
0.000 0.000 0.000 0.000 0.000 0.000 0.000 0.000
0.000 0.000 0.000 0.000 0.000 0.000 0.000 0.000
0.000 0.000 0.000 0.000 0.000 0.000 0.000 0.000
0.000 0.000 0.000 0.000 0.000 0.000 0.000 0.000
0.000 0.000 0.000 0.000 0.000 0.000 0.000 0.000
0.000 0.000 0.000 0.000 0.000 0.000 0.000 0.000
0.000 0.000 0.000 0.000 0.000 0.000 0.000 0.000
0.000 0.000 0.000 0.000 0.000 0.000 0.000 0.000
0.000 0.000 0.000 0.000 0.000 0.000 0.000 0.000
0.000 0.000 0.000 0.000 0.000 0.000 0.000 0.000
0.000 0.000 0.000 0.000 0.000 0.000 0.000 0.000
0.000 0.000 0.000 0.000 0.000 0.000 0.000 0.000
0.000 0.000 0.000 0.000 0.000 0.000 0.000 0.000
0.000 0.000 0.000 0.000 0.000 0.000 0.000 0.000
0.000 0.000 0.000 0.000 0.000 0.000 0.000 0.000
0.000 0.000 0.000 0.000 0.000 0.000 0.000 0.000
0.000 0.000 0.000 0.000 0.000 0.000 0.000 0.000
0.000 0.000 0.000 0.000 0.000 0.000 0.000 0.000
0.000 0.000 0.000 0.000 0.000 0.000 0.000 0.000
0.000 0.000 0.000 0.000 0.000 0.000 0.000 0.000
0.000 0.000 0.000 0.000 0.000 0.000 0.000 0.000
0.000 0.000 0.000 0.000 0.000 0.000 0.000 0.000
0.000 0.000 0.000 0.000 0.000 0.000 0.000 0.000
0.000 0.000 0.000 0.000 0.000 0.000 0.000 0.000
0.000 0.000 0.000 0.000 0.000 0.000 0.000 0.000
0.000 0.000 0.000 0.000 0.000 0.000 0.000 0.000
0.000 0.000 0.000 0.000 0.000 0.000 0.000 0.000
0.000 0.000 0.000 0.000 0.000 0.000 0.000 0.000
0.000 0.000 0.000 0.000 0.000 0.000 0.000 0.000
0.000 0.000 0.000 0.000 0.000 0.000 0.000 0.000
0.000 0.000 0.000 0.000 0.000 0.000 0.000 0.000
0.000 0.000 0.000 0.000 0.000 0.000 0.000 0.000
0.000 0.000 0.000 0.000 0.000 0.000 0.000 0.000
0.000 0.000 0.000 0.000 0.000 0.000 0.000 0.000
0.000 0.000 0.000 0.000 0.000 0.000 0.000 0.000
0.000 0.000 0.000 0.000 0.000 0.000 0.000 0.000
0.000 0.000 0.000 0.000 0.000 0.000 0.000 0.000
0.000 0.000 0.000 0.000 0.000 0.000 0.000 0.000
0.000 0.000 0.000 0.000 0.000 0.000 0.000 0.000
0.000 0.000 0.000 0.000 0.000 0.000 0.000 0.000
0.000 0.000 0.000 0.000 0.000 0.000 0.000 0.000
0.000 0.000 0.000 0.000 0.000 0.000 0.000 0.000
0.000 0.000 0.000 0.000 0.000 0.000 0.000 0.000
0.000 0.000 0.000 0.000 0.000 0.000 0.000 0.000
0.000 0.000 0.000 0.000 0.000 0.000 0.000 0.000
0.000 0.000 0.000 0.000 0.000 0.000 0.000 0.000
0.000 0.000 0.000 0.000 0.000 0.000 0.000 0.000
0.000 0.000 0.000 0.000 0.000 0.000 0.000 0.000
0.000 0.000 0.000 0.000 0.000 0.000 0.000 0.000
0.000 0.000 0.000 0.000 0.000 0.000 0.000 0.000
0.000 0.000 0.000 0.000 0.000 0.000 0.000 0.000
0.000 0.000 0.000 0.000 0.000 0.000 0.000 0.000
0.000 0.000 0.000 0.000 0.000 0.000 0.000 0.000
0.000 0.000 0.000 0.000 0.000 0.000 0.000 0.000
0.000 0.000 0.000 0.000 0.000 0.000 0.000 0.000
0.000 0.000 0.000 0.000 0.000 0.000 0.000 0.000
0.000 0.000 0.000 0.000 0.000 0.000 0.000 0.000
0.000 0.000 0.000 0.000 0.000 0.000 0.000 0.000
0.000 0.000 0.000 0.000 0.000 0.000 0.000 0.000
0.000 0.000 0.000 0.000 0.000 0.000 0.000 0.000
0.000 0.000 0.000 0.000 0.000 0.000 0.000 0.000
0.000 0.000 0.000 0.000 0.000 0.000 0.000 0.000
0.000 0.000 0.000 0.000 0.000 0.000 0.000 0.000
0.000 0.000 0.000 0.000 0.000 0.000 0.000 0.000
0.000 0.000 0.000 0.000 0.000 0.000 0.000 0.000
0.000 0.000 0.000 0.000 0.000 0.000 0.000 0.000
0.000 0.000 0.000 0.000 0.000 0.000 0.000 0.000
0.000 0.000 0.000 0.000 0.000 0.000 0.000 0.000
0.000 0.000 0.000 0.000 0.000 0.000 0.000 0.000
0.000 0.000 0.000 0.000 0.000 0.000 0.000 0.000
0.000 0.000 0.000 0.000 0.000 0.000 0.000 0.000
0.000 0.000 0.000 0.000 0.000 0.000 0.000 0.000
0.000 0.000 0.000 0.000 0.000 0.000 0.000 0.000
0.000 0.000 0.000 0.000 0.000 0.000 0.000 0.000
0.000 0.000 0.000 0.000 0.000 0.000 0.000 0.000
0.000 0.000 0.000 0.000 0.000 0.000 0.000 0.000
0.000 0.000 0.000 0.000 0.000 0.000 0.000 0.000
0.000 0.000 0.000 0.000 0.000 0.000 0.000 0.000
0.000 0.000 0.000 0.000 0.000 0.000 0.000 0.000
0.000 0.000 0.000 0.000 0.000 0.000 0.000 0.000
0.000 0.000 0.000 0.000 0.000 0.000 0.000 0.000
0.000 0.000 0.000 0.000 0.000 0.000 0.000 0.000
0.000 0.000 0.000 0.000 0.000 0.000 0.000 0.000
0.000 0.000 0.000 0.000 0.000 0.000 0.000 0.000
0.000 0.000 0.000 0.000 0.000 0.000 0.000 0.000
0.000 0.000 0.000 0.000 0.000 0.000 0.000 0.000
0.000 0.000 0.000 0.000 0.000 0.000 0.000 0.000
0.000 0.000 0.000 0.000 0.000 0.000 0.000 0.000
0.000 0.000 0.000 0.000 0.000 0.000 0.000 0.000
0.000 0.000 0.000 0.000 0.000 0.000 0.000 0.000
0.000 0.000 0.000 0.000 0.000 0.000 0.000 0.000
0.000 0.000 0.000 0.000 0.000 0.000 0.000 0.000
0.000 0.000 0.000 0.000 0.000 0.000 0.000 0.000
0.000 0.000 0.000 0.000 0.000 0.000 0.000 0.000
0.000 0.000 0.000 0.000 0.000 0.000 0.000 0.000
0.000 0.000 0.000 0.000 0.000 0.000 0.000 0.000
0.000 0.000 0.000 0.000 0.000 0.000 0.000 0.000
0.000 0.000 0.000 0.000 0.000 0.000 0.000 0.000
0.000 0.000 0.000 0.000 0.000 0.000 0.000 0.000
0.000 0.000 0.000 0.000 0.000 0.000 0.000 0.000
0.000 0.000 0.000 0.000 0.000 0.000 0.000 0.000
0.000 0.000 0.000 0.000 0.000 0.000 0.000 0.000
0.000 0.000 0.000 0.000 0.000 0.000 0.000 0.000
0.000 0.000 0.000 0.000 0.000 0.000 0.000 0.000
0.000 0.000 0.000 0.000 0.000 0.000 0.000 0.000
0.000 0.000 0.000 0.000 0.000 0.000 0.000 0.000
0.000 0.000 0.000 0.000 0.000 0.000 0.000 0.000
0.000 0.000 0.000 0.000 0.000 0.000 0.000 0.000
0.000 0.000 0.000 0.000 0.000 0.000 0.000 0.000
0.000 0.000 0.000 0.000 0.000 0.000 0.000 0.000
0.000 0.000 0.000 0.000 0.000 0.000 0.000 0.000
0.000 0.000 0.000 0.000 0.000 0.000 0.000 0.000
0.000 0.000 0.000 0.000 0.000 0.000 0.000 0.000
0.000 0.000 0.000 0.000 0.000 0.000 0.000 0.000
0.000 0.000 0.000 0.000 0.000 0.000 0.000 0.000
0.000 0.000 0.000 0.000 0.000 0.000 0.000 0.000
0.000 0.000 0.000 0.000 0.000 0.000 0.000 0.000
0.000 0.000 0.000 0.000 0.000 0.000 0.000 0.000
0.000 0.000 0.000 0.000 0.000 0.000 0.000 0.000
0.000 0.000 0.000 0.000 0.000 0.000 0.000 0.000
0.000 0.000 0.000 0.000 0.000 0.000 0.000 0.000
0.000 0.000 0.000 0.000 0.000 0.000 0.000 0.000
0.000 0.000 0.000 0.000 0.000 0.000 0.000 0.000
0.000 0.000 0.000 0.000 0.000 0.000 0.000 0.000
0.000 0.000 0.000 0.000 0.000 0.000 0.000 0.000
0.000 0.000 0.000 0.000 0.000 0.000 0.000 0.000
0.000 0.000 0.000 0.000 0.000 0.000 0.000 0.000
0.000 0.000 0.000 0.000 0.000 0.000 0.000 0.000
0.000 0.000 0.000 0.000 0.000 0.000 0.000 0.000
0.000 0.000 0.000 0.000 0.000 0.000 0.000 0.000
0.000 0.000 0.000 0.000 0.000 0.000 0.000 0.000
0.000 0.000 0.000 0.000 0.000 0.000 0.000 0.000
0.000 0.000 0.000 0.000 0.000 0.000 0.000 0.000
0.000 0.000 0.000 0.000 0.000 0.000 0.000 0.000
0.000 0.000 0.000 0.000 0.000 0.000 0.000 0.000
0.000 0.000 0.000 0.000 0.000 0.000 0.000 0.000
0.000 0.000 0.000 0.000 0.000 0.000 0.000 0.000
0.000 0.000 0.000 0.000 0.000 0.000 0.000 0.000
0.000 0.000 0.000 0.000 0.000 0.000 0.000 0.000
0.000 0.000 0.000 0.000 0.000 0.000 0.000 0.000
0.000 0.000 0.000 0.000 0.000 0.000 0.000 0.000
0.000 0.000 0.000 0.000 0.000 0.000 0.000 0.000
0.000 0.000 0.000 0.000 0.000 0.000 0.000 0.000
0.000 0.000 0.000 0.000 0.000 0.000 0.000 0.000
0.000 0.000 0.000 0.000 0.000 0.000 0.000 0.000
0.000 0.000 0.000 0.000 0.000 0.000 0.000 0.000
0.000 0.000 0.000 0.000 0.000 0.000 0.000 0.000
0.000 0.000 0.000 0.000 0.000 0.000 0.000 0.000
0.000 0.000 0.000 0.000 0.000 0.000 0.000 0.000
0.000 0.000 0.000 0.000 0.000 0.000 0.000 0.000
0.000 0.000 0.000 0.000 0.000 0.000 0.000 0.000
0.000 0.000 0.000 0.000 0.000 0.000 0.000 0.000
0.000 0.000 0.000 0.000 0.000 0.000 0.000 0.000
0.000 0.000 0.000 0.000 0.000 0.000 0.000 0.000
0.000 0.000 0.000 0.000 0.000 0.000 0.000 0.000
0.000 0.000 0.000 0.000 0.000 0.000 0.000 0.000
0.000 0.000 0.000 0.000 0.000 0.000 0.000 0.000
0.000 0.000 0.000 0.000 0.000 0.000 0.000 0.000
0.000 0.000 0.000 0.000 0.000 0.000 0.000 0.000
0.000 0.000 0.000 0.000 0.000 0.000 0.000 0.000
0.000 0.000 0.000 0.000 0.000 0.000 0.000 0.000
0.000 0.000 0.000 0.000 0.000 0.000 0.000 0.000
0.000 0.000 0.000 0.000 0.000 0.000 0.000 0.000
0.000 0.000 0.000 0.000 0.000 0.000 0.000 0.000
0.000 0.000 0.000 0.000 0.000 0.000 0.000 0.000
0.000 0.000 0.000 0.000 0.000 0.000 0.000 0.000
0.000 0.000 0.000 0.000 0.000 0.000 0.000 0.000
0.000 0.000 0.000 0.000 0.000 0.000 0.000 0.000
0.000 0.000 0.000 0.000 0.000 0.000 0.000 0.000
0.000 0.000 0.000 0.000 0.000 0.000 0.000 0.000
0.000 0.000 0.000 0.000 0.000 0.000 0.000 0.000
0.000 0.000 0.000 0.000 0.000 0.000 0.000 0.000
0.000 0.000 0.000 0.000 0.000 0.000 0.000 0.000
0.000 0.000 0.000 0.000 0.000 0.000 0.000 0.000
0.000 0.000 0.000 0.000 0.000 0.000 0.000 0.000
0.000 0.000 0.000 0.000 0.000 0.000 0.000 0.000
0.000 0.000 0.000 0.000 0.000 0.000 0.000 0.000
0.000 0.000 0.000 0.000 0.000 0.000 0.000 0.000
0.000 0.000 0.000 0.000 0.000 0.000 0.000 0.000
0.000 0.000 0.000 0.000 0.000 0.000 0.000 0.000
0.000 0.000 0.000 0.000 0.000 0.000 0.000 0.000
0.000 0.000 0.000 0.000 0.000 0.000 0.000 0.000
0.000 0.000 0.000 0.000 0.000 0.000 0.000 0.000
0.000 0.000 0.000 0.000 0.000 0.000 0.000 0.000
0.000 0.000 0.000 0.000 0.000 0.000 0.000 0.000
0.000 0.000 0.000 0.000 0.000 0.000 0.000 0.000
0.000 0.000 0.000 0.000 0.000 0.000 0.000 0.000
